(kicad_pcb (version 20171130) (host pcbnew 5.1.9-73d0e3b20d~88~ubuntu20.04.1)

  (general
    (thickness 1.6)
    (drawings 8)
    (tracks 2420)
    (zones 0)
    (modules 207)
    (nets 157)
  )

  (page A4)
  (layers
    (0 F.Cu signal)
    (31 B.Cu signal)
    (32 B.Adhes user)
    (33 F.Adhes user)
    (34 B.Paste user)
    (35 F.Paste user)
    (36 B.SilkS user)
    (37 F.SilkS user)
    (38 B.Mask user)
    (39 F.Mask user)
    (40 Dwgs.User user)
    (41 Cmts.User user)
    (42 Eco1.User user)
    (43 Eco2.User user)
    (44 Edge.Cuts user)
    (45 Margin user)
    (46 B.CrtYd user)
    (47 F.CrtYd user)
    (48 B.Fab user)
    (49 F.Fab user)
  )

  (setup
    (last_trace_width 0.25)
    (trace_clearance 0.2)
    (zone_clearance 0.508)
    (zone_45_only no)
    (trace_min 0)
    (via_size 0.8)
    (via_drill 0.4)
    (via_min_size 0.4)
    (via_min_drill 0.3)
    (uvia_size 0.3)
    (uvia_drill 0.1)
    (uvias_allowed no)
    (uvia_min_size 0.2)
    (uvia_min_drill 0.1)
    (edge_width 0.05)
    (segment_width 0.2)
    (pcb_text_width 0.3)
    (pcb_text_size 1.5 1.5)
    (mod_edge_width 0.12)
    (mod_text_size 1 1)
    (mod_text_width 0.15)
    (pad_size 1.524 1.524)
    (pad_drill 0.762)
    (pad_to_mask_clearance 0)
    (aux_axis_origin 0 0)
    (visible_elements FFFFFF7F)
    (pcbplotparams
      (layerselection 0x010fc_ffffffff)
      (usegerberextensions false)
      (usegerberattributes true)
      (usegerberadvancedattributes true)
      (creategerberjobfile true)
      (excludeedgelayer true)
      (linewidth 0.100000)
      (plotframeref false)
      (viasonmask false)
      (mode 1)
      (useauxorigin false)
      (hpglpennumber 1)
      (hpglpenspeed 20)
      (hpglpendiameter 15.000000)
      (psnegative false)
      (psa4output false)
      (plotreference true)
      (plotvalue true)
      (plotinvisibletext false)
      (padsonsilk false)
      (subtractmaskfromsilk false)
      (outputformat 1)
      (mirror false)
      (drillshape 0)
      (scaleselection 1)
      (outputdirectory "gerber/"))
  )

  (net 0 "")
  (net 1 GND)
  (net 2 VBUS)
  (net 3 VCC)
  (net 4 N$11)
  (net 5 N$12)
  (net 6 N$13)
  (net 7 N$14)
  (net 8 N$5)
  (net 9 N$7)
  (net 10 N$3)
  (net 11 N$16)
  (net 12 N$17)
  (net 13 N$20)
  (net 14 N$23)
  (net 15 N$26)
  (net 16 N$29)
  (net 17 N$32)
  (net 18 N$35)
  (net 19 N$38)
  (net 20 N$41)
  (net 21 N$44)
  (net 22 N$47)
  (net 23 N$50)
  (net 24 N$53)
  (net 25 N$52)
  (net 26 N$55)
  (net 27 N$57)
  (net 28 N$59)
  (net 29 N$61)
  (net 30 N$63)
  (net 31 N$65)
  (net 32 N$67)
  (net 33 N$69)
  (net 34 N$71)
  (net 35 N$73)
  (net 36 N$75)
  (net 37 N$78)
  (net 38 N$77)
  (net 39 N$80)
  (net 40 N$82)
  (net 41 N$84)
  (net 42 N$86)
  (net 43 N$88)
  (net 44 N$90)
  (net 45 N$92)
  (net 46 N$94)
  (net 47 N$96)
  (net 48 N$98)
  (net 49 N$100)
  (net 50 N$103)
  (net 51 N$102)
  (net 52 N$105)
  (net 53 N$107)
  (net 54 N$109)
  (net 55 N$111)
  (net 56 N$113)
  (net 57 N$115)
  (net 58 N$117)
  (net 59 N$119)
  (net 60 N$121)
  (net 61 N$123)
  (net 62 N$125)
  (net 63 N$128)
  (net 64 N$127)
  (net 65 N$130)
  (net 66 N$132)
  (net 67 D+)
  (net 68 N$2)
  (net 69 D-)
  (net 70 N$1)
  (net 71 N$18)
  (net 72 N$21)
  (net 73 N$24)
  (net 74 N$27)
  (net 75 N$30)
  (net 76 N$33)
  (net 77 N$36)
  (net 78 N$39)
  (net 79 N$42)
  (net 80 N$45)
  (net 81 N$48)
  (net 82 N$51)
  (net 83 N$54)
  (net 84 N$56)
  (net 85 N$58)
  (net 86 N$60)
  (net 87 N$62)
  (net 88 N$64)
  (net 89 N$66)
  (net 90 N$68)
  (net 91 N$70)
  (net 92 N$72)
  (net 93 N$74)
  (net 94 N$76)
  (net 95 N$79)
  (net 96 N$81)
  (net 97 N$83)
  (net 98 N$85)
  (net 99 N$87)
  (net 100 N$89)
  (net 101 N$91)
  (net 102 N$93)
  (net 103 N$95)
  (net 104 N$97)
  (net 105 N$99)
  (net 106 N$101)
  (net 107 N$104)
  (net 108 N$106)
  (net 109 N$108)
  (net 110 N$110)
  (net 111 N$112)
  (net 112 N$114)
  (net 113 N$116)
  (net 114 N$118)
  (net 115 N$120)
  (net 116 N$122)
  (net 117 N$124)
  (net 118 N$126)
  (net 119 N$129)
  (net 120 N$131)
  (net 121 N$4)
  (net 122 N$6)
  (net 123 N$8)
  (net 124 N$9)
  (net 125 N$10)
  (net 126 N$15)
  (net 127 N$19)
  (net 128 N$22)
  (net 129 N$25)
  (net 130 N$28)
  (net 131 N$31)
  (net 132 N$34)
  (net 133 N$37)
  (net 134 N$40)
  (net 135 N$43)
  (net 136 N$46)
  (net 137 N$49)
  (net 138 ROW0)
  (net 139 ROW1)
  (net 140 ROW2)
  (net 141 ROW3)
  (net 142 ROW4)
  (net 143 COL0)
  (net 144 COL1)
  (net 145 COL2)
  (net 146 COL3)
  (net 147 COL4)
  (net 148 COL5)
  (net 149 COL6)
  (net 150 COL7)
  (net 151 COL8)
  (net 152 COL9)
  (net 153 COL10)
  (net 154 COL11)
  (net 155 RD+)
  (net 156 RD-)

  (net_class Default "This is the default net class."
    (clearance 0.2)
    (trace_width 0.25)
    (via_dia 0.8)
    (via_drill 0.4)
    (uvia_dia 0.3)
    (uvia_drill 0.1)
    (diff_pair_width 0.25)
    (diff_pair_gap 0.25)
    (add_net COL0)
    (add_net COL1)
    (add_net COL10)
    (add_net COL11)
    (add_net COL2)
    (add_net COL3)
    (add_net COL4)
    (add_net COL5)
    (add_net COL6)
    (add_net COL7)
    (add_net COL8)
    (add_net COL9)
    (add_net D+)
    (add_net D-)
    (add_net N$1)
    (add_net N$10)
    (add_net N$100)
    (add_net N$101)
    (add_net N$102)
    (add_net N$103)
    (add_net N$104)
    (add_net N$105)
    (add_net N$106)
    (add_net N$107)
    (add_net N$108)
    (add_net N$109)
    (add_net N$11)
    (add_net N$110)
    (add_net N$111)
    (add_net N$112)
    (add_net N$113)
    (add_net N$114)
    (add_net N$115)
    (add_net N$116)
    (add_net N$117)
    (add_net N$118)
    (add_net N$119)
    (add_net N$12)
    (add_net N$120)
    (add_net N$121)
    (add_net N$122)
    (add_net N$123)
    (add_net N$124)
    (add_net N$125)
    (add_net N$126)
    (add_net N$127)
    (add_net N$128)
    (add_net N$129)
    (add_net N$13)
    (add_net N$130)
    (add_net N$131)
    (add_net N$132)
    (add_net N$14)
    (add_net N$15)
    (add_net N$16)
    (add_net N$17)
    (add_net N$18)
    (add_net N$19)
    (add_net N$2)
    (add_net N$20)
    (add_net N$21)
    (add_net N$22)
    (add_net N$23)
    (add_net N$24)
    (add_net N$25)
    (add_net N$26)
    (add_net N$27)
    (add_net N$28)
    (add_net N$29)
    (add_net N$3)
    (add_net N$30)
    (add_net N$31)
    (add_net N$32)
    (add_net N$33)
    (add_net N$34)
    (add_net N$35)
    (add_net N$36)
    (add_net N$37)
    (add_net N$38)
    (add_net N$39)
    (add_net N$4)
    (add_net N$40)
    (add_net N$41)
    (add_net N$42)
    (add_net N$43)
    (add_net N$44)
    (add_net N$45)
    (add_net N$46)
    (add_net N$47)
    (add_net N$48)
    (add_net N$49)
    (add_net N$5)
    (add_net N$50)
    (add_net N$51)
    (add_net N$52)
    (add_net N$53)
    (add_net N$54)
    (add_net N$55)
    (add_net N$56)
    (add_net N$57)
    (add_net N$58)
    (add_net N$59)
    (add_net N$6)
    (add_net N$60)
    (add_net N$61)
    (add_net N$62)
    (add_net N$63)
    (add_net N$64)
    (add_net N$65)
    (add_net N$66)
    (add_net N$67)
    (add_net N$68)
    (add_net N$69)
    (add_net N$7)
    (add_net N$70)
    (add_net N$71)
    (add_net N$72)
    (add_net N$73)
    (add_net N$74)
    (add_net N$75)
    (add_net N$76)
    (add_net N$77)
    (add_net N$78)
    (add_net N$79)
    (add_net N$8)
    (add_net N$80)
    (add_net N$81)
    (add_net N$82)
    (add_net N$83)
    (add_net N$84)
    (add_net N$85)
    (add_net N$86)
    (add_net N$87)
    (add_net N$88)
    (add_net N$89)
    (add_net N$9)
    (add_net N$90)
    (add_net N$91)
    (add_net N$92)
    (add_net N$93)
    (add_net N$94)
    (add_net N$95)
    (add_net N$96)
    (add_net N$97)
    (add_net N$98)
    (add_net N$99)
    (add_net RD+)
    (add_net RD-)
    (add_net ROW0)
    (add_net ROW1)
    (add_net ROW2)
    (add_net ROW3)
    (add_net ROW4)
  )

  (net_class Power/GND ""
    (clearance 0.2)
    (trace_width 0.5)
    (via_dia 0.8)
    (via_drill 0.4)
    (uvia_dia 0.3)
    (uvia_drill 0.1)
    (diff_pair_width 0.25)
    (diff_pair_gap 0.25)
    (add_net GND)
    (add_net VBUS)
    (add_net VCC)
  )

  (module kbd:M2_HOLE_v2 locked (layer F.Cu) (tedit 5F7666A4) (tstamp 6057E8D3)
    (at 26.035001 97.79 180)
    (descr "Mounting Hole 2.2mm, no annular, M2")
    (tags "mounting hole 2.2mm no annular m2")
    (attr virtual)
    (fp_text reference Ref** (at -0.95 -0.55) (layer F.Fab) hide
      (effects (font (size 1 1) (thickness 0.15)))
    )
    (fp_text value Val** (at 0 0.55) (layer F.Fab) hide
      (effects (font (size 1 1) (thickness 0.15)))
    )
    (pad "" np_thru_hole circle (at 0 0 180) (size 4.3 4.3) (drill 4.3) (layers *.Cu *.Mask))
  )

  (module kbd:M2_HOLE_v2 locked (layer F.Cu) (tedit 5F7666A4) (tstamp 6057E8D3)
    (at 26.035001 40.64 180)
    (descr "Mounting Hole 2.2mm, no annular, M2")
    (tags "mounting hole 2.2mm no annular m2")
    (attr virtual)
    (fp_text reference Ref** (at -0.95 -0.55) (layer F.Fab) hide
      (effects (font (size 1 1) (thickness 0.15)))
    )
    (fp_text value Val** (at 0 0.55) (layer F.Fab) hide
      (effects (font (size 1 1) (thickness 0.15)))
    )
    (pad "" np_thru_hole circle (at 0 0 180) (size 4.3 4.3) (drill 4.3) (layers *.Cu *.Mask))
  )

  (module kbd:M2_HOLE_v2 locked (layer F.Cu) (tedit 5F7666A4) (tstamp 6057E8D3)
    (at 270.51 40.64)
    (descr "Mounting Hole 2.2mm, no annular, M2")
    (tags "mounting hole 2.2mm no annular m2")
    (attr virtual)
    (fp_text reference Ref** (at -0.95 -0.55) (layer F.Fab) hide
      (effects (font (size 1 1) (thickness 0.15)))
    )
    (fp_text value Val** (at 0 0.55) (layer F.Fab) hide
      (effects (font (size 1 1) (thickness 0.15)))
    )
    (pad "" np_thru_hole circle (at 0 0) (size 4.3 4.3) (drill 4.3) (layers *.Cu *.Mask))
  )

  (module kbd:M2_HOLE_v2 locked (layer F.Cu) (tedit 5F7666A4) (tstamp 6057E876)
    (at 270.51 97.79)
    (descr "Mounting Hole 2.2mm, no annular, M2")
    (tags "mounting hole 2.2mm no annular m2")
    (attr virtual)
    (fp_text reference Ref** (at -0.95 -0.55) (layer F.Fab) hide
      (effects (font (size 1 1) (thickness 0.15)))
    )
    (fp_text value Val** (at 0 0.55) (layer F.Fab) hide
      (effects (font (size 1 1) (thickness 0.15)))
    )
    (pad "" np_thru_hole circle (at 0 0) (size 4.3 4.3) (drill 4.3) (layers *.Cu *.Mask))
  )

  (module Resistor_SMD:R_0805_2012Metric (layer B.Cu) (tedit 5B36C52B) (tstamp 6056678F)
    (at 36.426116 38.285987 90)
    (descr "Resistor SMD 0805 (2012 Metric), square (rectangular) end terminal, IPC_7351 nominal, (Body size source: https://docs.google.com/spreadsheets/d/1BsfQQcO9C6DZCsRaXUlFlo91Tg2WpOkGARC1WS5S8t0/edit?usp=sharing), generated with kicad-footprint-generator")
    (tags resistor)
    (path /top/keyboard0/6670136180123565314)
    (attr smd)
    (fp_text reference R7 (at -2.54 0 90) (layer B.SilkS)
      (effects (font (size 1 1) (thickness 0.15)) (justify mirror))
    )
    (fp_text value 22 (at 2.54 0 90) (layer B.Fab)
      (effects (font (size 1 1) (thickness 0.15)) (justify mirror))
    )
    (fp_line (start 1.68 -0.95) (end -1.68 -0.95) (layer B.CrtYd) (width 0.05))
    (fp_line (start 1.68 0.95) (end 1.68 -0.95) (layer B.CrtYd) (width 0.05))
    (fp_line (start -1.68 0.95) (end 1.68 0.95) (layer B.CrtYd) (width 0.05))
    (fp_line (start -1.68 -0.95) (end -1.68 0.95) (layer B.CrtYd) (width 0.05))
    (fp_line (start -0.258578 -0.71) (end 0.258578 -0.71) (layer B.SilkS) (width 0.12))
    (fp_line (start -0.258578 0.71) (end 0.258578 0.71) (layer B.SilkS) (width 0.12))
    (fp_line (start 1 -0.6) (end -1 -0.6) (layer B.Fab) (width 0.1))
    (fp_line (start 1 0.6) (end 1 -0.6) (layer B.Fab) (width 0.1))
    (fp_line (start -1 0.6) (end 1 0.6) (layer B.Fab) (width 0.1))
    (fp_line (start -1 -0.6) (end -1 0.6) (layer B.Fab) (width 0.1))
    (fp_text user %R (at 0 0 90) (layer B.Fab)
      (effects (font (size 0.5 0.5) (thickness 0.08)) (justify mirror))
    )
    (pad 1 smd roundrect (at -0.9375 0 90) (size 0.975 1.4) (layers B.Cu B.Paste B.Mask) (roundrect_rratio 0.25)
      (net 155 RD+))
    (pad 2 smd roundrect (at 0.9375 0 90) (size 0.975 1.4) (layers B.Cu B.Paste B.Mask) (roundrect_rratio 0.25)
      (net 67 D+))
    (model ${KISYS3DMOD}/Resistor_SMD.3dshapes/R_0805_2012Metric.wrl
      (at (xyz 0 0 0))
      (scale (xyz 1 1 1))
      (rotate (xyz 0 0 0))
    )
  )

  (module Capacitor_SMD:C_0805_2012Metric (layer B.Cu) (tedit 5B36C52B) (tstamp 60565B67)
    (at 32.385 83.185 315)
    (descr "Capacitor SMD 0805 (2012 Metric), square (rectangular) end terminal, IPC_7351 nominal, (Body size source: https://docs.google.com/spreadsheets/d/1BsfQQcO9C6DZCsRaXUlFlo91Tg2WpOkGARC1WS5S8t0/edit?usp=sharing), generated with kicad-footprint-generator")
    (tags capacitor)
    (path /top/keyboard0/4248560757472447306)
    (attr smd)
    (fp_text reference C1 (at 0 1.65 135) (layer B.SilkS)
      (effects (font (size 1 1) (thickness 0.15)) (justify mirror))
    )
    (fp_text value 1uF (at 0 -1.65 135) (layer B.Fab)
      (effects (font (size 1 1) (thickness 0.15)) (justify mirror))
    )
    (fp_line (start -1 -0.6) (end -1 0.6) (layer B.Fab) (width 0.1))
    (fp_line (start -1 0.6) (end 1 0.6) (layer B.Fab) (width 0.1))
    (fp_line (start 1 0.6) (end 1 -0.6) (layer B.Fab) (width 0.1))
    (fp_line (start 1 -0.6) (end -1 -0.6) (layer B.Fab) (width 0.1))
    (fp_line (start -0.258578 0.71) (end 0.258578 0.71) (layer B.SilkS) (width 0.12))
    (fp_line (start -0.258578 -0.71) (end 0.258578 -0.71) (layer B.SilkS) (width 0.12))
    (fp_line (start -1.68 -0.95) (end -1.68 0.95) (layer B.CrtYd) (width 0.05))
    (fp_line (start -1.68 0.95) (end 1.68 0.95) (layer B.CrtYd) (width 0.05))
    (fp_line (start 1.68 0.95) (end 1.68 -0.95) (layer B.CrtYd) (width 0.05))
    (fp_line (start 1.68 -0.95) (end -1.68 -0.95) (layer B.CrtYd) (width 0.05))
    (fp_text user %R (at 0 0 135) (layer B.Fab)
      (effects (font (size 0.5 0.5) (thickness 0.08)) (justify mirror))
    )
    (pad 2 smd roundrect (at 0.9375 0 315) (size 0.975 1.4) (layers B.Cu B.Paste B.Mask) (roundrect_rratio 0.25)
      (net 1 GND))
    (pad 1 smd roundrect (at -0.9375 0 315) (size 0.975 1.4) (layers B.Cu B.Paste B.Mask) (roundrect_rratio 0.25)
      (net 2 VBUS))
    (model ${KISYS3DMOD}/Capacitor_SMD.3dshapes/C_0805_2012Metric.wrl
      (at (xyz 0 0 0))
      (scale (xyz 1 1 1))
      (rotate (xyz 0 0 0))
    )
  )

  (module Capacitor_SMD:C_0805_2012Metric (layer B.Cu) (tedit 5B36C52B) (tstamp 60565B78)
    (at 36.83 83.185 45)
    (descr "Capacitor SMD 0805 (2012 Metric), square (rectangular) end terminal, IPC_7351 nominal, (Body size source: https://docs.google.com/spreadsheets/d/1BsfQQcO9C6DZCsRaXUlFlo91Tg2WpOkGARC1WS5S8t0/edit?usp=sharing), generated with kicad-footprint-generator")
    (tags capacitor)
    (path /top/keyboard0/17477001966747851157)
    (attr smd)
    (fp_text reference C2 (at 0 1.65 45) (layer B.SilkS)
      (effects (font (size 1 1) (thickness 0.15)) (justify mirror))
    )
    (fp_text value 10uF (at 0 -1.65 45) (layer B.Fab)
      (effects (font (size 1 1) (thickness 0.15)) (justify mirror))
    )
    (fp_line (start 1.68 -0.95) (end -1.68 -0.95) (layer B.CrtYd) (width 0.05))
    (fp_line (start 1.68 0.95) (end 1.68 -0.95) (layer B.CrtYd) (width 0.05))
    (fp_line (start -1.68 0.95) (end 1.68 0.95) (layer B.CrtYd) (width 0.05))
    (fp_line (start -1.68 -0.95) (end -1.68 0.95) (layer B.CrtYd) (width 0.05))
    (fp_line (start -0.258578 -0.71) (end 0.258578 -0.71) (layer B.SilkS) (width 0.12))
    (fp_line (start -0.258578 0.71) (end 0.258578 0.71) (layer B.SilkS) (width 0.12))
    (fp_line (start 1 -0.6) (end -1 -0.6) (layer B.Fab) (width 0.1))
    (fp_line (start 1 0.6) (end 1 -0.6) (layer B.Fab) (width 0.1))
    (fp_line (start -1 0.6) (end 1 0.6) (layer B.Fab) (width 0.1))
    (fp_line (start -1 -0.6) (end -1 0.6) (layer B.Fab) (width 0.1))
    (fp_text user %R (at 0 0 45) (layer B.Fab)
      (effects (font (size 0.5 0.5) (thickness 0.08)) (justify mirror))
    )
    (pad 1 smd roundrect (at -0.9375 0 45) (size 0.975 1.4) (layers B.Cu B.Paste B.Mask) (roundrect_rratio 0.25)
      (net 3 VCC))
    (pad 2 smd roundrect (at 0.9375 0 45) (size 0.975 1.4) (layers B.Cu B.Paste B.Mask) (roundrect_rratio 0.25)
      (net 1 GND))
    (model ${KISYS3DMOD}/Capacitor_SMD.3dshapes/C_0805_2012Metric.wrl
      (at (xyz 0 0 0))
      (scale (xyz 1 1 1))
      (rotate (xyz 0 0 0))
    )
  )

  (module Capacitor_SMD:C_0805_2012Metric (layer B.Cu) (tedit 5B36C52B) (tstamp 60565B89)
    (at 44.45 75.565 225)
    (descr "Capacitor SMD 0805 (2012 Metric), square (rectangular) end terminal, IPC_7351 nominal, (Body size source: https://docs.google.com/spreadsheets/d/1BsfQQcO9C6DZCsRaXUlFlo91Tg2WpOkGARC1WS5S8t0/edit?usp=sharing), generated with kicad-footprint-generator")
    (tags capacitor)
    (path /top/keyboard0/3479203975232136254)
    (attr smd)
    (fp_text reference C3 (at 0 1.65 45) (layer B.SilkS)
      (effects (font (size 1 1) (thickness 0.15)) (justify mirror))
    )
    (fp_text value 1uF (at 0 -1.65 45) (layer B.Fab)
      (effects (font (size 1 1) (thickness 0.15)) (justify mirror))
    )
    (fp_line (start -1 -0.6) (end -1 0.6) (layer B.Fab) (width 0.1))
    (fp_line (start -1 0.6) (end 1 0.6) (layer B.Fab) (width 0.1))
    (fp_line (start 1 0.6) (end 1 -0.6) (layer B.Fab) (width 0.1))
    (fp_line (start 1 -0.6) (end -1 -0.6) (layer B.Fab) (width 0.1))
    (fp_line (start -0.258578 0.71) (end 0.258578 0.71) (layer B.SilkS) (width 0.12))
    (fp_line (start -0.258578 -0.71) (end 0.258578 -0.71) (layer B.SilkS) (width 0.12))
    (fp_line (start -1.68 -0.95) (end -1.68 0.95) (layer B.CrtYd) (width 0.05))
    (fp_line (start -1.68 0.95) (end 1.68 0.95) (layer B.CrtYd) (width 0.05))
    (fp_line (start 1.68 0.95) (end 1.68 -0.95) (layer B.CrtYd) (width 0.05))
    (fp_line (start 1.68 -0.95) (end -1.68 -0.95) (layer B.CrtYd) (width 0.05))
    (fp_text user %R (at 0 0 45) (layer B.Fab)
      (effects (font (size 0.5 0.5) (thickness 0.08)) (justify mirror))
    )
    (pad 2 smd roundrect (at 0.9375 0 225) (size 0.975 1.4) (layers B.Cu B.Paste B.Mask) (roundrect_rratio 0.25)
      (net 1 GND))
    (pad 1 smd roundrect (at -0.9375 0 225) (size 0.975 1.4) (layers B.Cu B.Paste B.Mask) (roundrect_rratio 0.25)
      (net 3 VCC))
    (model ${KISYS3DMOD}/Capacitor_SMD.3dshapes/C_0805_2012Metric.wrl
      (at (xyz 0 0 0))
      (scale (xyz 1 1 1))
      (rotate (xyz 0 0 0))
    )
  )

  (module Capacitor_SMD:C_0805_2012Metric (layer B.Cu) (tedit 5B36C52B) (tstamp 60565B9A)
    (at 37.465 62.23 135)
    (descr "Capacitor SMD 0805 (2012 Metric), square (rectangular) end terminal, IPC_7351 nominal, (Body size source: https://docs.google.com/spreadsheets/d/1BsfQQcO9C6DZCsRaXUlFlo91Tg2WpOkGARC1WS5S8t0/edit?usp=sharing), generated with kicad-footprint-generator")
    (tags capacitor)
    (path /top/keyboard0/7715124001527547712)
    (attr smd)
    (fp_text reference C4 (at 0 1.65 135) (layer B.SilkS)
      (effects (font (size 1 1) (thickness 0.15)) (justify mirror))
    )
    (fp_text value 100nF (at 0 -1.65 135) (layer B.Fab)
      (effects (font (size 1 1) (thickness 0.15)) (justify mirror))
    )
    (fp_line (start 1.68 -0.95) (end -1.68 -0.95) (layer B.CrtYd) (width 0.05))
    (fp_line (start 1.68 0.95) (end 1.68 -0.95) (layer B.CrtYd) (width 0.05))
    (fp_line (start -1.68 0.95) (end 1.68 0.95) (layer B.CrtYd) (width 0.05))
    (fp_line (start -1.68 -0.95) (end -1.68 0.95) (layer B.CrtYd) (width 0.05))
    (fp_line (start -0.258578 -0.71) (end 0.258578 -0.71) (layer B.SilkS) (width 0.12))
    (fp_line (start -0.258578 0.71) (end 0.258578 0.71) (layer B.SilkS) (width 0.12))
    (fp_line (start 1 -0.6) (end -1 -0.6) (layer B.Fab) (width 0.1))
    (fp_line (start 1 0.6) (end 1 -0.6) (layer B.Fab) (width 0.1))
    (fp_line (start -1 0.6) (end 1 0.6) (layer B.Fab) (width 0.1))
    (fp_line (start -1 -0.6) (end -1 0.6) (layer B.Fab) (width 0.1))
    (fp_text user %R (at 0 0 135) (layer B.Fab)
      (effects (font (size 0.5 0.5) (thickness 0.08)) (justify mirror))
    )
    (pad 1 smd roundrect (at -0.9375 0 135) (size 0.975 1.4) (layers B.Cu B.Paste B.Mask) (roundrect_rratio 0.25)
      (net 3 VCC))
    (pad 2 smd roundrect (at 0.9375 0 135) (size 0.975 1.4) (layers B.Cu B.Paste B.Mask) (roundrect_rratio 0.25)
      (net 1 GND))
    (model ${KISYS3DMOD}/Capacitor_SMD.3dshapes/C_0805_2012Metric.wrl
      (at (xyz 0 0 0))
      (scale (xyz 1 1 1))
      (rotate (xyz 0 0 0))
    )
  )

  (module Capacitor_SMD:C_0805_2012Metric (layer B.Cu) (tedit 5B36C52B) (tstamp 60565BAB)
    (at 28.575 78.74 315)
    (descr "Capacitor SMD 0805 (2012 Metric), square (rectangular) end terminal, IPC_7351 nominal, (Body size source: https://docs.google.com/spreadsheets/d/1BsfQQcO9C6DZCsRaXUlFlo91Tg2WpOkGARC1WS5S8t0/edit?usp=sharing), generated with kicad-footprint-generator")
    (tags capacitor)
    (path /top/keyboard0/207029151686922094)
    (attr smd)
    (fp_text reference C5 (at 0 1.65 135) (layer B.SilkS)
      (effects (font (size 1 1) (thickness 0.15)) (justify mirror))
    )
    (fp_text value 1uF (at 0 -1.65 135) (layer B.Fab)
      (effects (font (size 1 1) (thickness 0.15)) (justify mirror))
    )
    (fp_line (start -1 -0.6) (end -1 0.6) (layer B.Fab) (width 0.1))
    (fp_line (start -1 0.6) (end 1 0.6) (layer B.Fab) (width 0.1))
    (fp_line (start 1 0.6) (end 1 -0.6) (layer B.Fab) (width 0.1))
    (fp_line (start 1 -0.6) (end -1 -0.6) (layer B.Fab) (width 0.1))
    (fp_line (start -0.258578 0.71) (end 0.258578 0.71) (layer B.SilkS) (width 0.12))
    (fp_line (start -0.258578 -0.71) (end 0.258578 -0.71) (layer B.SilkS) (width 0.12))
    (fp_line (start -1.68 -0.95) (end -1.68 0.95) (layer B.CrtYd) (width 0.05))
    (fp_line (start -1.68 0.95) (end 1.68 0.95) (layer B.CrtYd) (width 0.05))
    (fp_line (start 1.68 0.95) (end 1.68 -0.95) (layer B.CrtYd) (width 0.05))
    (fp_line (start 1.68 -0.95) (end -1.68 -0.95) (layer B.CrtYd) (width 0.05))
    (fp_text user %R (at 0 0 135) (layer B.Fab)
      (effects (font (size 0.5 0.5) (thickness 0.08)) (justify mirror))
    )
    (pad 2 smd roundrect (at 0.9375 0 315) (size 0.975 1.4) (layers B.Cu B.Paste B.Mask) (roundrect_rratio 0.25)
      (net 1 GND))
    (pad 1 smd roundrect (at -0.9375 0 315) (size 0.975 1.4) (layers B.Cu B.Paste B.Mask) (roundrect_rratio 0.25)
      (net 124 N$9))
    (model ${KISYS3DMOD}/Capacitor_SMD.3dshapes/C_0805_2012Metric.wrl
      (at (xyz 0 0 0))
      (scale (xyz 1 1 1))
      (rotate (xyz 0 0 0))
    )
  )

  (module Capacitor_SMD:C_0805_2012Metric (layer B.Cu) (tedit 5B36C52B) (tstamp 60565BBC)
    (at 39.37 80.645 225)
    (descr "Capacitor SMD 0805 (2012 Metric), square (rectangular) end terminal, IPC_7351 nominal, (Body size source: https://docs.google.com/spreadsheets/d/1BsfQQcO9C6DZCsRaXUlFlo91Tg2WpOkGARC1WS5S8t0/edit?usp=sharing), generated with kicad-footprint-generator")
    (tags capacitor)
    (path /top/keyboard0/6397241684143179459)
    (attr smd)
    (fp_text reference C6 (at -0.204681 1.347038 45) (layer B.SilkS)
      (effects (font (size 1 1) (thickness 0.15)) (justify mirror))
    )
    (fp_text value 100nF (at -0.653693 -1.796051 45) (layer B.Fab)
      (effects (font (size 1 1) (thickness 0.15)) (justify mirror))
    )
    (fp_line (start 1.68 -0.95) (end -1.68 -0.95) (layer B.CrtYd) (width 0.05))
    (fp_line (start 1.68 0.95) (end 1.68 -0.95) (layer B.CrtYd) (width 0.05))
    (fp_line (start -1.68 0.95) (end 1.68 0.95) (layer B.CrtYd) (width 0.05))
    (fp_line (start -1.68 -0.95) (end -1.68 0.95) (layer B.CrtYd) (width 0.05))
    (fp_line (start -0.258578 -0.71) (end 0.258578 -0.71) (layer B.SilkS) (width 0.12))
    (fp_line (start -0.258578 0.71) (end 0.258578 0.71) (layer B.SilkS) (width 0.12))
    (fp_line (start 1 -0.6) (end -1 -0.6) (layer B.Fab) (width 0.1))
    (fp_line (start 1 0.6) (end 1 -0.6) (layer B.Fab) (width 0.1))
    (fp_line (start -1 0.6) (end 1 0.6) (layer B.Fab) (width 0.1))
    (fp_line (start -1 -0.6) (end -1 0.6) (layer B.Fab) (width 0.1))
    (fp_text user %R (at 0 0 45) (layer B.Fab)
      (effects (font (size 0.5 0.5) (thickness 0.08)) (justify mirror))
    )
    (pad 1 smd roundrect (at -0.9375 0 225) (size 0.975 1.4) (layers B.Cu B.Paste B.Mask) (roundrect_rratio 0.25)
      (net 125 N$10))
    (pad 2 smd roundrect (at 0.9375 0 225) (size 0.975 1.4) (layers B.Cu B.Paste B.Mask) (roundrect_rratio 0.25)
      (net 1 GND))
    (model ${KISYS3DMOD}/Capacitor_SMD.3dshapes/C_0805_2012Metric.wrl
      (at (xyz 0 0 0))
      (scale (xyz 1 1 1))
      (rotate (xyz 0 0 0))
    )
  )

  (module Capacitor_SMD:C_0805_2012Metric (layer B.Cu) (tedit 5B36C52B) (tstamp 60565BCD)
    (at 30.48 62.865 45)
    (descr "Capacitor SMD 0805 (2012 Metric), square (rectangular) end terminal, IPC_7351 nominal, (Body size source: https://docs.google.com/spreadsheets/d/1BsfQQcO9C6DZCsRaXUlFlo91Tg2WpOkGARC1WS5S8t0/edit?usp=sharing), generated with kicad-footprint-generator")
    (tags capacitor)
    (path /top/keyboard0/1971046176059408677)
    (attr smd)
    (fp_text reference C7 (at 3.175 0 45) (layer B.SilkS)
      (effects (font (size 1 1) (thickness 0.15)) (justify mirror))
    )
    (fp_text value 22pF (at 1.27 -1.905 45) (layer B.Fab)
      (effects (font (size 1 1) (thickness 0.15)) (justify mirror))
    )
    (fp_line (start -1 -0.6) (end -1 0.6) (layer B.Fab) (width 0.1))
    (fp_line (start -1 0.6) (end 1 0.6) (layer B.Fab) (width 0.1))
    (fp_line (start 1 0.6) (end 1 -0.6) (layer B.Fab) (width 0.1))
    (fp_line (start 1 -0.6) (end -1 -0.6) (layer B.Fab) (width 0.1))
    (fp_line (start -0.258578 0.71) (end 0.258578 0.71) (layer B.SilkS) (width 0.12))
    (fp_line (start -0.258578 -0.71) (end 0.258578 -0.71) (layer B.SilkS) (width 0.12))
    (fp_line (start -1.68 -0.95) (end -1.68 0.95) (layer B.CrtYd) (width 0.05))
    (fp_line (start -1.68 0.95) (end 1.68 0.95) (layer B.CrtYd) (width 0.05))
    (fp_line (start 1.68 0.95) (end 1.68 -0.95) (layer B.CrtYd) (width 0.05))
    (fp_line (start 1.68 -0.95) (end -1.68 -0.95) (layer B.CrtYd) (width 0.05))
    (fp_text user %R (at 0 0 45) (layer B.Fab)
      (effects (font (size 0.5 0.5) (thickness 0.08)) (justify mirror))
    )
    (pad 2 smd roundrect (at 0.9375 0 45) (size 0.975 1.4) (layers B.Cu B.Paste B.Mask) (roundrect_rratio 0.25)
      (net 1 GND))
    (pad 1 smd roundrect (at -0.9375 0 45) (size 0.975 1.4) (layers B.Cu B.Paste B.Mask) (roundrect_rratio 0.25)
      (net 4 N$11))
    (model ${KISYS3DMOD}/Capacitor_SMD.3dshapes/C_0805_2012Metric.wrl
      (at (xyz 0 0 0))
      (scale (xyz 1 1 1))
      (rotate (xyz 0 0 0))
    )
  )

  (module Capacitor_SMD:C_0805_2012Metric (layer B.Cu) (tedit 5B36C52B) (tstamp 60565BDE)
    (at 27.305 66.04 225)
    (descr "Capacitor SMD 0805 (2012 Metric), square (rectangular) end terminal, IPC_7351 nominal, (Body size source: https://docs.google.com/spreadsheets/d/1BsfQQcO9C6DZCsRaXUlFlo91Tg2WpOkGARC1WS5S8t0/edit?usp=sharing), generated with kicad-footprint-generator")
    (tags capacitor)
    (path /top/keyboard0/14819234843171514702)
    (attr smd)
    (fp_text reference C8 (at 3.175 0 45) (layer B.SilkS)
      (effects (font (size 1 1) (thickness 0.15)) (justify mirror))
    )
    (fp_text value 22pF (at 1.905 1.905 45) (layer B.Fab)
      (effects (font (size 1 1) (thickness 0.15)) (justify mirror))
    )
    (fp_line (start 1.68 -0.95) (end -1.68 -0.95) (layer B.CrtYd) (width 0.05))
    (fp_line (start 1.68 0.95) (end 1.68 -0.95) (layer B.CrtYd) (width 0.05))
    (fp_line (start -1.68 0.95) (end 1.68 0.95) (layer B.CrtYd) (width 0.05))
    (fp_line (start -1.68 -0.95) (end -1.68 0.95) (layer B.CrtYd) (width 0.05))
    (fp_line (start -0.258578 -0.71) (end 0.258578 -0.71) (layer B.SilkS) (width 0.12))
    (fp_line (start -0.258578 0.71) (end 0.258578 0.71) (layer B.SilkS) (width 0.12))
    (fp_line (start 1 -0.6) (end -1 -0.6) (layer B.Fab) (width 0.1))
    (fp_line (start 1 0.6) (end 1 -0.6) (layer B.Fab) (width 0.1))
    (fp_line (start -1 0.6) (end 1 0.6) (layer B.Fab) (width 0.1))
    (fp_line (start -1 -0.6) (end -1 0.6) (layer B.Fab) (width 0.1))
    (fp_text user %R (at 0 0 45) (layer B.Fab)
      (effects (font (size 0.5 0.5) (thickness 0.08)) (justify mirror))
    )
    (pad 1 smd roundrect (at -0.9375 0 225) (size 0.975 1.4) (layers B.Cu B.Paste B.Mask) (roundrect_rratio 0.25)
      (net 5 N$12))
    (pad 2 smd roundrect (at 0.9375 0 225) (size 0.975 1.4) (layers B.Cu B.Paste B.Mask) (roundrect_rratio 0.25)
      (net 1 GND))
    (model ${KISYS3DMOD}/Capacitor_SMD.3dshapes/C_0805_2012Metric.wrl
      (at (xyz 0 0 0))
      (scale (xyz 1 1 1))
      (rotate (xyz 0 0 0))
    )
  )

  (module LED_SMD:LED_0805_2012Metric (layer B.Cu) (tedit 5B36C52C) (tstamp 60565BF1)
    (at 31.75 110.49 90)
    (descr "LED SMD 0805 (2012 Metric), square (rectangular) end terminal, IPC_7351 nominal, (Body size source: https://docs.google.com/spreadsheets/d/1BsfQQcO9C6DZCsRaXUlFlo91Tg2WpOkGARC1WS5S8t0/edit?usp=sharing), generated with kicad-footprint-generator")
    (tags diode)
    (path /top/keyboard0/13911921975090949856)
    (attr smd)
    (fp_text reference D1 (at 0 1.65 90) (layer B.SilkS)
      (effects (font (size 1 1) (thickness 0.15)) (justify mirror))
    )
    (fp_text value Yellow (at 0 -1.65 90) (layer B.Fab)
      (effects (font (size 1 1) (thickness 0.15)) (justify mirror))
    )
    (fp_line (start 1.68 -0.95) (end -1.68 -0.95) (layer B.CrtYd) (width 0.05))
    (fp_line (start 1.68 0.95) (end 1.68 -0.95) (layer B.CrtYd) (width 0.05))
    (fp_line (start -1.68 0.95) (end 1.68 0.95) (layer B.CrtYd) (width 0.05))
    (fp_line (start -1.68 -0.95) (end -1.68 0.95) (layer B.CrtYd) (width 0.05))
    (fp_line (start -1.685 -0.96) (end 1 -0.96) (layer B.SilkS) (width 0.12))
    (fp_line (start -1.685 0.96) (end -1.685 -0.96) (layer B.SilkS) (width 0.12))
    (fp_line (start 1 0.96) (end -1.685 0.96) (layer B.SilkS) (width 0.12))
    (fp_line (start 1 -0.6) (end 1 0.6) (layer B.Fab) (width 0.1))
    (fp_line (start -1 -0.6) (end 1 -0.6) (layer B.Fab) (width 0.1))
    (fp_line (start -1 0.3) (end -1 -0.6) (layer B.Fab) (width 0.1))
    (fp_line (start -0.7 0.6) (end -1 0.3) (layer B.Fab) (width 0.1))
    (fp_line (start 1 0.6) (end -0.7 0.6) (layer B.Fab) (width 0.1))
    (fp_text user %R (at 0 0 90) (layer B.Fab)
      (effects (font (size 0.5 0.5) (thickness 0.08)) (justify mirror))
    )
    (pad 1 smd roundrect (at -0.9375 0 90) (size 0.975 1.4) (layers B.Cu B.Paste B.Mask) (roundrect_rratio 0.25)
      (net 1 GND))
    (pad 2 smd roundrect (at 0.9375 0 90) (size 0.975 1.4) (layers B.Cu B.Paste B.Mask) (roundrect_rratio 0.25)
      (net 121 N$4))
    (model ${KISYS3DMOD}/LED_SMD.3dshapes/LED_0805_2012Metric.wrl
      (at (xyz 0 0 0))
      (scale (xyz 1 1 1))
      (rotate (xyz 0 0 0))
    )
  )

  (module LED_SMD:LED_0805_2012Metric (layer B.Cu) (tedit 5B36C52C) (tstamp 60565C04)
    (at 37.465 110.49 90)
    (descr "LED SMD 0805 (2012 Metric), square (rectangular) end terminal, IPC_7351 nominal, (Body size source: https://docs.google.com/spreadsheets/d/1BsfQQcO9C6DZCsRaXUlFlo91Tg2WpOkGARC1WS5S8t0/edit?usp=sharing), generated with kicad-footprint-generator")
    (tags diode)
    (path /top/keyboard0/4017909503614419172)
    (attr smd)
    (fp_text reference D2 (at 0 1.65 90) (layer B.SilkS)
      (effects (font (size 1 1) (thickness 0.15)) (justify mirror))
    )
    (fp_text value Green (at 0 -1.65 90) (layer B.Fab)
      (effects (font (size 1 1) (thickness 0.15)) (justify mirror))
    )
    (fp_line (start 1 0.6) (end -0.7 0.6) (layer B.Fab) (width 0.1))
    (fp_line (start -0.7 0.6) (end -1 0.3) (layer B.Fab) (width 0.1))
    (fp_line (start -1 0.3) (end -1 -0.6) (layer B.Fab) (width 0.1))
    (fp_line (start -1 -0.6) (end 1 -0.6) (layer B.Fab) (width 0.1))
    (fp_line (start 1 -0.6) (end 1 0.6) (layer B.Fab) (width 0.1))
    (fp_line (start 1 0.96) (end -1.685 0.96) (layer B.SilkS) (width 0.12))
    (fp_line (start -1.685 0.96) (end -1.685 -0.96) (layer B.SilkS) (width 0.12))
    (fp_line (start -1.685 -0.96) (end 1 -0.96) (layer B.SilkS) (width 0.12))
    (fp_line (start -1.68 -0.95) (end -1.68 0.95) (layer B.CrtYd) (width 0.05))
    (fp_line (start -1.68 0.95) (end 1.68 0.95) (layer B.CrtYd) (width 0.05))
    (fp_line (start 1.68 0.95) (end 1.68 -0.95) (layer B.CrtYd) (width 0.05))
    (fp_line (start 1.68 -0.95) (end -1.68 -0.95) (layer B.CrtYd) (width 0.05))
    (fp_text user %R (at 0 0 90) (layer B.Fab)
      (effects (font (size 0.5 0.5) (thickness 0.08)) (justify mirror))
    )
    (pad 2 smd roundrect (at 0.9375 0 90) (size 0.975 1.4) (layers B.Cu B.Paste B.Mask) (roundrect_rratio 0.25)
      (net 122 N$6))
    (pad 1 smd roundrect (at -0.9375 0 90) (size 0.975 1.4) (layers B.Cu B.Paste B.Mask) (roundrect_rratio 0.25)
      (net 1 GND))
    (model ${KISYS3DMOD}/LED_SMD.3dshapes/LED_0805_2012Metric.wrl
      (at (xyz 0 0 0))
      (scale (xyz 1 1 1))
      (rotate (xyz 0 0 0))
    )
  )

  (module LED_SMD:LED_0805_2012Metric (layer B.Cu) (tedit 5B36C52C) (tstamp 60565C17)
    (at 42.545 110.49 90)
    (descr "LED SMD 0805 (2012 Metric), square (rectangular) end terminal, IPC_7351 nominal, (Body size source: https://docs.google.com/spreadsheets/d/1BsfQQcO9C6DZCsRaXUlFlo91Tg2WpOkGARC1WS5S8t0/edit?usp=sharing), generated with kicad-footprint-generator")
    (tags diode)
    (path /top/keyboard0/6613988876374332865)
    (attr smd)
    (fp_text reference D3 (at 0 1.65 90) (layer B.SilkS)
      (effects (font (size 1 1) (thickness 0.15)) (justify mirror))
    )
    (fp_text value Red (at 0 -1.65 90) (layer B.Fab)
      (effects (font (size 1 1) (thickness 0.15)) (justify mirror))
    )
    (fp_line (start 1.68 -0.95) (end -1.68 -0.95) (layer B.CrtYd) (width 0.05))
    (fp_line (start 1.68 0.95) (end 1.68 -0.95) (layer B.CrtYd) (width 0.05))
    (fp_line (start -1.68 0.95) (end 1.68 0.95) (layer B.CrtYd) (width 0.05))
    (fp_line (start -1.68 -0.95) (end -1.68 0.95) (layer B.CrtYd) (width 0.05))
    (fp_line (start -1.685 -0.96) (end 1 -0.96) (layer B.SilkS) (width 0.12))
    (fp_line (start -1.685 0.96) (end -1.685 -0.96) (layer B.SilkS) (width 0.12))
    (fp_line (start 1 0.96) (end -1.685 0.96) (layer B.SilkS) (width 0.12))
    (fp_line (start 1 -0.6) (end 1 0.6) (layer B.Fab) (width 0.1))
    (fp_line (start -1 -0.6) (end 1 -0.6) (layer B.Fab) (width 0.1))
    (fp_line (start -1 0.3) (end -1 -0.6) (layer B.Fab) (width 0.1))
    (fp_line (start -0.7 0.6) (end -1 0.3) (layer B.Fab) (width 0.1))
    (fp_line (start 1 0.6) (end -0.7 0.6) (layer B.Fab) (width 0.1))
    (fp_text user %R (at 0 0 90) (layer B.Fab)
      (effects (font (size 0.5 0.5) (thickness 0.08)) (justify mirror))
    )
    (pad 1 smd roundrect (at -0.9375 0 90) (size 0.975 1.4) (layers B.Cu B.Paste B.Mask) (roundrect_rratio 0.25)
      (net 1 GND))
    (pad 2 smd roundrect (at 0.9375 0 90) (size 0.975 1.4) (layers B.Cu B.Paste B.Mask) (roundrect_rratio 0.25)
      (net 10 N$3))
    (model ${KISYS3DMOD}/LED_SMD.3dshapes/LED_0805_2012Metric.wrl
      (at (xyz 0 0 0))
      (scale (xyz 1 1 1))
      (rotate (xyz 0 0 0))
    )
  )

  (module USB_C_Receptacle_HRO_TYPE-C-31-M-12 (layer B.Cu) (tedit 5D3C0721) (tstamp 60565F98)
    (at 38.1 25.4)
    (descr "USB Type-C receptacle for USB 2.0 and PD, http://www.krhro.com/uploads/soft/180320/1-1P320120243.pdf")
    (tags "usb usb-c 2.0 pd")
    (path /top/5487089289102557508)
    (attr smd)
    (fp_text reference J1 (at 0 5.645) (layer B.SilkS)
      (effects (font (size 1 1) (thickness 0.15)) (justify mirror))
    )
    (fp_text value USB_C_Receptacle_USB2.0 (at 0 -5.1) (layer B.Fab)
      (effects (font (size 1 1) (thickness 0.15)) (justify mirror))
    )
    (fp_line (start -4.7 -3.9) (end 4.7 -3.9) (layer B.SilkS) (width 0.12))
    (fp_line (start -4.47 3.65) (end 4.47 3.65) (layer B.Fab) (width 0.1))
    (fp_line (start -4.47 3.65) (end -4.47 -3.65) (layer B.Fab) (width 0.1))
    (fp_line (start -4.47 -3.65) (end 4.47 -3.65) (layer B.Fab) (width 0.1))
    (fp_line (start 4.47 3.65) (end 4.47 -3.65) (layer B.Fab) (width 0.1))
    (fp_line (start -5.32 5.27) (end 5.32 5.27) (layer B.CrtYd) (width 0.05))
    (fp_line (start -5.32 -4.15) (end 5.32 -4.15) (layer B.CrtYd) (width 0.05))
    (fp_line (start -5.32 5.27) (end -5.32 -4.15) (layer B.CrtYd) (width 0.05))
    (fp_line (start 5.32 5.27) (end 5.32 -4.15) (layer B.CrtYd) (width 0.05))
    (fp_line (start 4.7 1.9) (end 4.7 -0.1) (layer B.SilkS) (width 0.12))
    (fp_line (start 4.7 -2) (end 4.7 -3.9) (layer B.SilkS) (width 0.12))
    (fp_line (start -4.7 1.9) (end -4.7 -0.1) (layer B.SilkS) (width 0.12))
    (fp_line (start -4.7 -2) (end -4.7 -3.9) (layer B.SilkS) (width 0.12))
    (fp_text user %R (at 0 0) (layer B.Fab)
      (effects (font (size 1 1) (thickness 0.15)) (justify mirror))
    )
    (pad S1 thru_hole oval (at 4.32 -1.05) (size 1 1.6) (drill oval 0.6 1.2) (layers *.Cu *.Mask))
    (pad "" np_thru_hole circle (at 2.89 2.6) (size 0.65 0.65) (drill 0.65) (layers *.Cu *.Mask))
    (pad S1 thru_hole oval (at -4.32 -1.05) (size 1 1.6) (drill oval 0.6 1.2) (layers *.Cu *.Mask))
    (pad "" np_thru_hole circle (at -2.89 2.6) (size 0.65 0.65) (drill 0.65) (layers *.Cu *.Mask))
    (pad S1 thru_hole oval (at -4.32 3.13) (size 1 2.1) (drill oval 0.6 1.7) (layers *.Cu *.Mask))
    (pad S1 thru_hole oval (at 4.32 3.13) (size 1 2.1) (drill oval 0.6 1.7) (layers *.Cu *.Mask))
    (pad A6 smd rect (at -0.25 4.045) (size 0.3 1.45) (layers B.Cu B.Paste B.Mask)
      (net 67 D+))
    (pad B5 smd rect (at 1.75 4.045) (size 0.3 1.45) (layers B.Cu B.Paste B.Mask)
      (net 68 N$2))
    (pad A8 smd rect (at 1.25 4.045) (size 0.3 1.45) (layers B.Cu B.Paste B.Mask))
    (pad B6 smd rect (at 0.75 4.045) (size 0.3 1.45) (layers B.Cu B.Paste B.Mask)
      (net 67 D+))
    (pad A7 smd rect (at 0.25 4.045) (size 0.3 1.45) (layers B.Cu B.Paste B.Mask)
      (net 69 D-))
    (pad B7 smd rect (at -0.75 4.045) (size 0.3 1.45) (layers B.Cu B.Paste B.Mask)
      (net 69 D-))
    (pad A5 smd rect (at -1.25 4.045) (size 0.3 1.45) (layers B.Cu B.Paste B.Mask)
      (net 70 N$1))
    (pad B8 smd rect (at -1.75 4.045) (size 0.3 1.45) (layers B.Cu B.Paste B.Mask))
    (pad A12 smd rect (at 3.25 4.045) (size 0.6 1.45) (layers B.Cu B.Paste B.Mask)
      (net 1 GND))
    (pad B4 smd rect (at 2.45 4.045) (size 0.6 1.45) (layers B.Cu B.Paste B.Mask)
      (net 2 VBUS))
    (pad A4 smd rect (at -2.45 4.045) (size 0.6 1.45) (layers B.Cu B.Paste B.Mask)
      (net 2 VBUS))
    (pad A1 smd rect (at -3.25 4.045) (size 0.6 1.45) (layers B.Cu B.Paste B.Mask)
      (net 1 GND))
    (pad B12 smd rect (at -3.25 4.045) (size 0.6 1.45) (layers B.Cu B.Paste B.Mask)
      (net 1 GND))
    (pad B9 smd rect (at -2.45 4.045) (size 0.6 1.45) (layers B.Cu B.Paste B.Mask)
      (net 2 VBUS))
    (pad A9 smd rect (at 2.45 4.045) (size 0.6 1.45) (layers B.Cu B.Paste B.Mask)
      (net 2 VBUS))
    (pad B1 smd rect (at 3.25 4.045) (size 0.6 1.45) (layers B.Cu B.Paste B.Mask)
      (net 1 GND))
    (model ${KISYS3DMOD}/Connector_USB.3dshapes/USB_C_Receptacle_HRO_TYPE-C-31-M-12.wrl
      (at (xyz 0 0 0))
      (scale (xyz 1 1 1))
      (rotate (xyz 0 0 0))
    )
  )

  (module kbd:YS-SK6812MINI-E (layer B.Cu) (tedit 5F70BC98) (tstamp 60565FB8)
    (at 55.88 36.195)
    (path /top/keyboard0/key_matrx0/12547481209424862647)
    (fp_text reference LED1 (at 0 3.175) (layer B.SilkS)
      (effects (font (size 1 1) (thickness 0.15)) (justify mirror))
    )
    (fp_text value YS-SK6812MINI-E (at 0 -2.54) (layer B.Fab)
      (effects (font (size 1 1) (thickness 0.15)) (justify mirror))
    )
    (fp_line (start -1.6 1.4) (end 1.6 1.4) (layer Dwgs.User) (width 0.12))
    (fp_line (start -1.6 -1.4) (end 1.6 -1.4) (layer Dwgs.User) (width 0.12))
    (fp_line (start -1.6 1.4) (end -1.6 -1.4) (layer Dwgs.User) (width 0.12))
    (fp_line (start 1.6 1.4) (end 1.6 -1.4) (layer Dwgs.User) (width 0.12))
    (fp_line (start -1.6 1.05) (end -2.94 1.05) (layer Dwgs.User) (width 0.12))
    (fp_line (start -2.94 1.05) (end -2.94 0.37) (layer Dwgs.User) (width 0.12))
