(kicad_pcb (version 20171130) (host pcbnew 5.1.9-73d0e3b20d~88~ubuntu20.04.1)

  (general
    (thickness 1.6)
    (drawings 0)
    (tracks 0)
    (zones 0)
    (modules 203)
    (nets 157)
  )

  (page A4)
  (layers
    (0 F.Cu signal)
    (31 B.Cu signal)
    (32 B.Adhes user)
    (33 F.Adhes user)
    (34 B.Paste user)
    (35 F.Paste user)
    (36 B.SilkS user)
    (37 F.SilkS user)
    (38 B.Mask user)
    (39 F.Mask user)
    (40 Dwgs.User user)
    (41 Cmts.User user)
    (42 Eco1.User user)
    (43 Eco2.User user)
    (44 Edge.Cuts user)
    (45 Margin user)
    (46 B.CrtYd user)
    (47 F.CrtYd user)
    (48 B.Fab user)
    (49 F.Fab user)
  )

  (setup
    (last_trace_width 0.25)
    (trace_clearance 0.2)
    (zone_clearance 0.508)
    (zone_45_only no)
    (trace_min 0.2)
    (via_size 0.8)
    (via_drill 0.4)
    (via_min_size 0.4)
    (via_min_drill 0.3)
    (uvia_size 0.3)
    (uvia_drill 0.1)
    (uvias_allowed no)
    (uvia_min_size 0.2)
    (uvia_min_drill 0.1)
    (edge_width 0.05)
    (segment_width 0.2)
    (pcb_text_width 0.3)
    (pcb_text_size 1.5 1.5)
    (mod_edge_width 0.12)
    (mod_text_size 1 1)
    (mod_text_width 0.15)
    (pad_size 1.524 1.524)
    (pad_drill 0.762)
    (pad_to_mask_clearance 0)
    (aux_axis_origin 0 0)
    (visible_elements FFFFFF7F)
    (pcbplotparams
      (layerselection 0x010fc_ffffffff)
      (usegerberextensions false)
      (usegerberattributes true)
      (usegerberadvancedattributes true)
      (creategerberjobfile true)
      (excludeedgelayer true)
      (linewidth 0.100000)
      (plotframeref false)
      (viasonmask false)
      (mode 1)
      (useauxorigin false)
      (hpglpennumber 1)
      (hpglpenspeed 20)
      (hpglpendiameter 15.000000)
      (psnegative false)
      (psa4output false)
      (plotreference true)
      (plotvalue true)
      (plotinvisibletext false)
      (padsonsilk false)
      (subtractmaskfromsilk false)
      (outputformat 1)
      (mirror false)
      (drillshape 1)
      (scaleselection 1)
      (outputdirectory ""))
  )

  (net 0 "")
  (net 1 GND)
  (net 2 VBUS)
  (net 3 VCC)
  (net 4 N$11)
  (net 5 N$12)
  (net 6 N$13)
  (net 7 N$14)
  (net 8 N$5)
  (net 9 N$7)
  (net 10 N$3)
  (net 11 N$16)
  (net 12 N$17)
  (net 13 N$20)
  (net 14 N$23)
  (net 15 N$26)
  (net 16 N$29)
  (net 17 N$32)
  (net 18 N$35)
  (net 19 N$38)
  (net 20 N$41)
  (net 21 N$44)
  (net 22 N$47)
  (net 23 N$50)
  (net 24 N$53)
  (net 25 N$52)
  (net 26 N$55)
  (net 27 N$57)
  (net 28 N$59)
  (net 29 N$61)
  (net 30 N$63)
  (net 31 N$65)
  (net 32 N$67)
  (net 33 N$69)
  (net 34 N$71)
  (net 35 N$73)
  (net 36 N$75)
  (net 37 N$78)
  (net 38 N$77)
  (net 39 N$80)
  (net 40 N$82)
  (net 41 N$84)
  (net 42 N$86)
  (net 43 N$88)
  (net 44 N$90)
  (net 45 N$92)
  (net 46 N$94)
  (net 47 N$96)
  (net 48 N$98)
  (net 49 N$100)
  (net 50 N$103)
  (net 51 N$102)
  (net 52 N$105)
  (net 53 N$107)
  (net 54 N$109)
  (net 55 N$111)
  (net 56 N$113)
  (net 57 N$115)
  (net 58 N$117)
  (net 59 N$119)
  (net 60 N$121)
  (net 61 N$123)
  (net 62 N$125)
  (net 63 N$128)
  (net 64 N$127)
  (net 65 N$130)
  (net 66 N$132)
  (net 67 N$134)
  (net 68 N$136)
  (net 69 N$138)
  (net 70 N$140)
  (net 71 N$142)
  (net 72 N$144)
  (net 73 N$146)
  (net 74 N$148)
  (net 75 N$150)
  (net 76 D+)
  (net 77 N$2)
  (net 78 D-)
  (net 79 N$1)
  (net 80 N$18)
  (net 81 N$21)
  (net 82 N$24)
  (net 83 N$27)
  (net 84 N$30)
  (net 85 N$33)
  (net 86 N$36)
  (net 87 N$39)
  (net 88 N$42)
  (net 89 N$45)
  (net 90 N$48)
  (net 91 N$51)
  (net 92 N$54)
  (net 93 N$56)
  (net 94 N$58)
  (net 95 N$60)
  (net 96 N$62)
  (net 97 N$64)
  (net 98 N$66)
  (net 99 N$68)
  (net 100 N$70)
  (net 101 N$72)
  (net 102 N$74)
  (net 103 N$76)
  (net 104 N$79)
  (net 105 N$81)
  (net 106 N$83)
  (net 107 N$85)
  (net 108 N$87)
  (net 109 N$89)
  (net 110 N$91)
  (net 111 N$93)
  (net 112 N$95)
  (net 113 N$97)
  (net 114 N$99)
  (net 115 N$101)
  (net 116 N$104)
  (net 117 N$106)
  (net 118 N$108)
  (net 119 N$110)
  (net 120 N$112)
  (net 121 N$114)
  (net 122 N$116)
  (net 123 N$118)
  (net 124 N$120)
  (net 125 N$122)
  (net 126 N$124)
  (net 127 N$126)
  (net 128 N$129)
  (net 129 N$131)
  (net 130 N$133)
  (net 131 N$135)
  (net 132 N$137)
  (net 133 N$139)
  (net 134 N$141)
  (net 135 N$143)
  (net 136 N$145)
  (net 137 N$147)
  (net 138 N$149)
  (net 139 N$151)
  (net 140 N$4)
  (net 141 N$6)
  (net 142 N$8)
  (net 143 N$9)
  (net 144 N$10)
  (net 145 N$15)
  (net 146 N$19)
  (net 147 N$22)
  (net 148 N$25)
  (net 149 N$28)
  (net 150 N$31)
  (net 151 N$34)
  (net 152 N$37)
  (net 153 N$40)
  (net 154 N$43)
  (net 155 N$46)
  (net 156 N$49)

  (net_class Default "This is the default net class."
    (clearance 0.2)
    (trace_width 0.25)
    (via_dia 0.8)
    (via_drill 0.4)
    (uvia_dia 0.3)
    (uvia_drill 0.1)
    (add_net D+)
    (add_net D-)
    (add_net GND)
    (add_net N$1)
    (add_net N$10)
    (add_net N$100)
    (add_net N$101)
    (add_net N$102)
    (add_net N$103)
    (add_net N$104)
    (add_net N$105)
    (add_net N$106)
    (add_net N$107)
    (add_net N$108)
    (add_net N$109)
    (add_net N$11)
    (add_net N$110)
    (add_net N$111)
    (add_net N$112)
    (add_net N$113)
    (add_net N$114)
    (add_net N$115)
    (add_net N$116)
    (add_net N$117)
    (add_net N$118)
    (add_net N$119)
    (add_net N$12)
    (add_net N$120)
    (add_net N$121)
    (add_net N$122)
    (add_net N$123)
    (add_net N$124)
    (add_net N$125)
    (add_net N$126)
    (add_net N$127)
    (add_net N$128)
    (add_net N$129)
    (add_net N$13)
    (add_net N$130)
    (add_net N$131)
    (add_net N$132)
    (add_net N$133)
    (add_net N$134)
    (add_net N$135)
    (add_net N$136)
    (add_net N$137)
    (add_net N$138)
    (add_net N$139)
    (add_net N$14)
    (add_net N$140)
    (add_net N$141)
    (add_net N$142)
    (add_net N$143)
    (add_net N$144)
    (add_net N$145)
    (add_net N$146)
    (add_net N$147)
    (add_net N$148)
    (add_net N$149)
    (add_net N$15)
    (add_net N$150)
    (add_net N$151)
    (add_net N$16)
    (add_net N$17)
    (add_net N$18)
    (add_net N$19)
    (add_net N$2)
    (add_net N$20)
    (add_net N$21)
    (add_net N$22)
    (add_net N$23)
    (add_net N$24)
    (add_net N$25)
    (add_net N$26)
    (add_net N$27)
    (add_net N$28)
    (add_net N$29)
    (add_net N$3)
    (add_net N$30)
    (add_net N$31)
    (add_net N$32)
    (add_net N$33)
    (add_net N$34)
    (add_net N$35)
    (add_net N$36)
    (add_net N$37)
    (add_net N$38)
    (add_net N$39)
    (add_net N$4)
    (add_net N$40)
    (add_net N$41)
    (add_net N$42)
    (add_net N$43)
    (add_net N$44)
    (add_net N$45)
    (add_net N$46)
    (add_net N$47)
    (add_net N$48)
    (add_net N$49)
    (add_net N$5)
    (add_net N$50)
    (add_net N$51)
    (add_net N$52)
    (add_net N$53)
    (add_net N$54)
    (add_net N$55)
    (add_net N$56)
    (add_net N$57)
    (add_net N$58)
    (add_net N$59)
    (add_net N$6)
    (add_net N$60)
    (add_net N$61)
    (add_net N$62)
    (add_net N$63)
    (add_net N$64)
    (add_net N$65)
    (add_net N$66)
    (add_net N$67)
    (add_net N$68)
    (add_net N$69)
    (add_net N$7)
    (add_net N$70)
    (add_net N$71)
    (add_net N$72)
    (add_net N$73)
    (add_net N$74)
    (add_net N$75)
    (add_net N$76)
    (add_net N$77)
    (add_net N$78)
    (add_net N$79)
    (add_net N$8)
    (add_net N$80)
    (add_net N$81)
    (add_net N$82)
    (add_net N$83)
    (add_net N$84)
    (add_net N$85)
    (add_net N$86)
    (add_net N$87)
    (add_net N$88)
    (add_net N$89)
    (add_net N$9)
    (add_net N$90)
    (add_net N$91)
    (add_net N$92)
    (add_net N$93)
    (add_net N$94)
    (add_net N$95)
    (add_net N$96)
    (add_net N$97)
    (add_net N$98)
    (add_net N$99)
    (add_net VBUS)
    (add_net VCC)
  )

  (module Capacitor_SMD:C_0805_2012Metric (layer F.Cu) (tedit 5B36C52B) (tstamp 6055E6E7)
    (at 59.865001 160.885001)
    (descr "Capacitor SMD 0805 (2012 Metric), square (rectangular) end terminal, IPC_7351 nominal, (Body size source: https://docs.google.com/spreadsheets/d/1BsfQQcO9C6DZCsRaXUlFlo91Tg2WpOkGARC1WS5S8t0/edit?usp=sharing), generated with kicad-footprint-generator")
    (tags capacitor)
    (path /top/keyboard0/3827865667113922987)
    (attr smd)
    (fp_text reference C1 (at 0 -1.65) (layer F.SilkS)
      (effects (font (size 1 1) (thickness 0.15)))
    )
    (fp_text value 1uF (at 0 1.65) (layer F.Fab)
      (effects (font (size 1 1) (thickness 0.15)))
    )
    (fp_text user %R (at 0 0) (layer F.Fab)
      (effects (font (size 0.5 0.5) (thickness 0.08)))
    )
    (fp_line (start -1 0.6) (end -1 -0.6) (layer F.Fab) (width 0.1))
    (fp_line (start -1 -0.6) (end 1 -0.6) (layer F.Fab) (width 0.1))
    (fp_line (start 1 -0.6) (end 1 0.6) (layer F.Fab) (width 0.1))
    (fp_line (start 1 0.6) (end -1 0.6) (layer F.Fab) (width 0.1))
    (fp_line (start -0.258578 -0.71) (end 0.258578 -0.71) (layer F.SilkS) (width 0.12))
    (fp_line (start -0.258578 0.71) (end 0.258578 0.71) (layer F.SilkS) (width 0.12))
    (fp_line (start -1.68 0.95) (end -1.68 -0.95) (layer F.CrtYd) (width 0.05))
    (fp_line (start -1.68 -0.95) (end 1.68 -0.95) (layer F.CrtYd) (width 0.05))
    (fp_line (start 1.68 -0.95) (end 1.68 0.95) (layer F.CrtYd) (width 0.05))
    (fp_line (start 1.68 0.95) (end -1.68 0.95) (layer F.CrtYd) (width 0.05))
    (pad 2 smd roundrect (at 0.9375 0) (size 0.975 1.4) (layers F.Cu F.Paste F.Mask) (roundrect_rratio 0.25)
      (net 1 GND))
    (pad 1 smd roundrect (at -0.9375 0) (size 0.975 1.4) (layers F.Cu F.Paste F.Mask) (roundrect_rratio 0.25)
      (net 2 VBUS))
    (model ${KISYS3DMOD}/Capacitor_SMD.3dshapes/C_0805_2012Metric.wrl
      (at (xyz 0 0 0))
      (scale (xyz 1 1 1))
      (rotate (xyz 0 0 0))
    )
  )

  (module Capacitor_SMD:C_0805_2012Metric (layer F.Cu) (tedit 5B36C52B) (tstamp 6055E6F8)
    (at 55.455001 165.735001)
    (descr "Capacitor SMD 0805 (2012 Metric), square (rectangular) end terminal, IPC_7351 nominal, (Body size source: https://docs.google.com/spreadsheets/d/1BsfQQcO9C6DZCsRaXUlFlo91Tg2WpOkGARC1WS5S8t0/edit?usp=sharing), generated with kicad-footprint-generator")
    (tags capacitor)
    (path /top/keyboard0/16745570917731332066)
    (attr smd)
    (fp_text reference C2 (at 0 -1.65) (layer F.SilkS)
      (effects (font (size 1 1) (thickness 0.15)))
    )
    (fp_text value 10uF (at 0 1.65) (layer F.Fab)
      (effects (font (size 1 1) (thickness 0.15)))
    )
    (fp_line (start 1.68 0.95) (end -1.68 0.95) (layer F.CrtYd) (width 0.05))
    (fp_line (start 1.68 -0.95) (end 1.68 0.95) (layer F.CrtYd) (width 0.05))
    (fp_line (start -1.68 -0.95) (end 1.68 -0.95) (layer F.CrtYd) (width 0.05))
    (fp_line (start -1.68 0.95) (end -1.68 -0.95) (layer F.CrtYd) (width 0.05))
    (fp_line (start -0.258578 0.71) (end 0.258578 0.71) (layer F.SilkS) (width 0.12))
    (fp_line (start -0.258578 -0.71) (end 0.258578 -0.71) (layer F.SilkS) (width 0.12))
    (fp_line (start 1 0.6) (end -1 0.6) (layer F.Fab) (width 0.1))
    (fp_line (start 1 -0.6) (end 1 0.6) (layer F.Fab) (width 0.1))
    (fp_line (start -1 -0.6) (end 1 -0.6) (layer F.Fab) (width 0.1))
    (fp_line (start -1 0.6) (end -1 -0.6) (layer F.Fab) (width 0.1))
    (fp_text user %R (at 0 0) (layer F.Fab)
      (effects (font (size 0.5 0.5) (thickness 0.08)))
    )
    (pad 1 smd roundrect (at -0.9375 0) (size 0.975 1.4) (layers F.Cu F.Paste F.Mask) (roundrect_rratio 0.25)
      (net 3 VCC))
    (pad 2 smd roundrect (at 0.9375 0) (size 0.975 1.4) (layers F.Cu F.Paste F.Mask) (roundrect_rratio 0.25)
      (net 1 GND))
    (model ${KISYS3DMOD}/Capacitor_SMD.3dshapes/C_0805_2012Metric.wrl
      (at (xyz 0 0 0))
      (scale (xyz 1 1 1))
      (rotate (xyz 0 0 0))
    )
  )

  (module Capacitor_SMD:C_0805_2012Metric (layer F.Cu) (tedit 5B36C52B) (tstamp 6055E709)
    (at 46.635001 167.735001)
    (descr "Capacitor SMD 0805 (2012 Metric), square (rectangular) end terminal, IPC_7351 nominal, (Body size source: https://docs.google.com/spreadsheets/d/1BsfQQcO9C6DZCsRaXUlFlo91Tg2WpOkGARC1WS5S8t0/edit?usp=sharing), generated with kicad-footprint-generator")
    (tags capacitor)
    (path /top/keyboard0/14584170851757059300)
    (attr smd)
    (fp_text reference C3 (at 0 -1.65) (layer F.SilkS)
      (effects (font (size 1 1) (thickness 0.15)))
    )
    (fp_text value 1uF (at 0 1.65) (layer F.Fab)
      (effects (font (size 1 1) (thickness 0.15)))
    )
    (fp_text user %R (at 0 0) (layer F.Fab)
      (effects (font (size 0.5 0.5) (thickness 0.08)))
    )
    (fp_line (start -1 0.6) (end -1 -0.6) (layer F.Fab) (width 0.1))
    (fp_line (start -1 -0.6) (end 1 -0.6) (layer F.Fab) (width 0.1))
    (fp_line (start 1 -0.6) (end 1 0.6) (layer F.Fab) (width 0.1))
    (fp_line (start 1 0.6) (end -1 0.6) (layer F.Fab) (width 0.1))
    (fp_line (start -0.258578 -0.71) (end 0.258578 -0.71) (layer F.SilkS) (width 0.12))
    (fp_line (start -0.258578 0.71) (end 0.258578 0.71) (layer F.SilkS) (width 0.12))
    (fp_line (start -1.68 0.95) (end -1.68 -0.95) (layer F.CrtYd) (width 0.05))
    (fp_line (start -1.68 -0.95) (end 1.68 -0.95) (layer F.CrtYd) (width 0.05))
    (fp_line (start 1.68 -0.95) (end 1.68 0.95) (layer F.CrtYd) (width 0.05))
    (fp_line (start 1.68 0.95) (end -1.68 0.95) (layer F.CrtYd) (width 0.05))
    (pad 2 smd roundrect (at 0.9375 0) (size 0.975 1.4) (layers F.Cu F.Paste F.Mask) (roundrect_rratio 0.25)
      (net 1 GND))
    (pad 1 smd roundrect (at -0.9375 0) (size 0.975 1.4) (layers F.Cu F.Paste F.Mask) (roundrect_rratio 0.25)
      (net 3 VCC))
    (model ${KISYS3DMOD}/Capacitor_SMD.3dshapes/C_0805_2012Metric.wrl
      (at (xyz 0 0 0))
      (scale (xyz 1 1 1))
      (rotate (xyz 0 0 0))
    )
  )

  (module Capacitor_SMD:C_0805_2012Metric (layer F.Cu) (tedit 5B36C52B) (tstamp 6055E71A)
    (at 58.335001 154.985001)
    (descr "Capacitor SMD 0805 (2012 Metric), square (rectangular) end terminal, IPC_7351 nominal, (Body size source: https://docs.google.com/spreadsheets/d/1BsfQQcO9C6DZCsRaXUlFlo91Tg2WpOkGARC1WS5S8t0/edit?usp=sharing), generated with kicad-footprint-generator")
    (tags capacitor)
    (path /top/keyboard0/17827703631381825915)
    (attr smd)
    (fp_text reference C4 (at 0 -1.65) (layer F.SilkS)
      (effects (font (size 1 1) (thickness 0.15)))
    )
    (fp_text value 100nF (at 0 1.65) (layer F.Fab)
      (effects (font (size 1 1) (thickness 0.15)))
    )
    (fp_line (start 1.68 0.95) (end -1.68 0.95) (layer F.CrtYd) (width 0.05))
    (fp_line (start 1.68 -0.95) (end 1.68 0.95) (layer F.CrtYd) (width 0.05))
    (fp_line (start -1.68 -0.95) (end 1.68 -0.95) (layer F.CrtYd) (width 0.05))
    (fp_line (start -1.68 0.95) (end -1.68 -0.95) (layer F.CrtYd) (width 0.05))
    (fp_line (start -0.258578 0.71) (end 0.258578 0.71) (layer F.SilkS) (width 0.12))
    (fp_line (start -0.258578 -0.71) (end 0.258578 -0.71) (layer F.SilkS) (width 0.12))
    (fp_line (start 1 0.6) (end -1 0.6) (layer F.Fab) (width 0.1))
    (fp_line (start 1 -0.6) (end 1 0.6) (layer F.Fab) (width 0.1))
    (fp_line (start -1 -0.6) (end 1 -0.6) (layer F.Fab) (width 0.1))
    (fp_line (start -1 0.6) (end -1 -0.6) (layer F.Fab) (width 0.1))
    (fp_text user %R (at 0 0) (layer F.Fab)
      (effects (font (size 0.5 0.5) (thickness 0.08)))
    )
    (pad 1 smd roundrect (at -0.9375 0) (size 0.975 1.4) (layers F.Cu F.Paste F.Mask) (roundrect_rratio 0.25)
      (net 3 VCC))
    (pad 2 smd roundrect (at 0.9375 0) (size 0.975 1.4) (layers F.Cu F.Paste F.Mask) (roundrect_rratio 0.25)
      (net 1 GND))
    (model ${KISYS3DMOD}/Capacitor_SMD.3dshapes/C_0805_2012Metric.wrl
      (at (xyz 0 0 0))
      (scale (xyz 1 1 1))
      (rotate (xyz 0 0 0))
    )
  )

  (module Capacitor_SMD:C_0805_2012Metric (layer F.Cu) (tedit 5B36C52B) (tstamp 6055E72B)
    (at 53.585001 159.835001)
    (descr "Capacitor SMD 0805 (2012 Metric), square (rectangular) end terminal, IPC_7351 nominal, (Body size source: https://docs.google.com/spreadsheets/d/1BsfQQcO9C6DZCsRaXUlFlo91Tg2WpOkGARC1WS5S8t0/edit?usp=sharing), generated with kicad-footprint-generator")
    (tags capacitor)
    (path /top/keyboard0/14362055726934882904)
    (attr smd)
    (fp_text reference C5 (at 0 -1.65) (layer F.SilkS)
      (effects (font (size 1 1) (thickness 0.15)))
    )
    (fp_text value 1uF (at 0 1.65) (layer F.Fab)
      (effects (font (size 1 1) (thickness 0.15)))
    )
    (fp_text user %R (at 0 0) (layer F.Fab)
      (effects (font (size 0.5 0.5) (thickness 0.08)))
    )
    (fp_line (start -1 0.6) (end -1 -0.6) (layer F.Fab) (width 0.1))
    (fp_line (start -1 -0.6) (end 1 -0.6) (layer F.Fab) (width 0.1))
    (fp_line (start 1 -0.6) (end 1 0.6) (layer F.Fab) (width 0.1))
    (fp_line (start 1 0.6) (end -1 0.6) (layer F.Fab) (width 0.1))
    (fp_line (start -0.258578 -0.71) (end 0.258578 -0.71) (layer F.SilkS) (width 0.12))
    (fp_line (start -0.258578 0.71) (end 0.258578 0.71) (layer F.SilkS) (width 0.12))
    (fp_line (start -1.68 0.95) (end -1.68 -0.95) (layer F.CrtYd) (width 0.05))
    (fp_line (start -1.68 -0.95) (end 1.68 -0.95) (layer F.CrtYd) (width 0.05))
    (fp_line (start 1.68 -0.95) (end 1.68 0.95) (layer F.CrtYd) (width 0.05))
    (fp_line (start 1.68 0.95) (end -1.68 0.95) (layer F.CrtYd) (width 0.05))
    (pad 2 smd roundrect (at 0.9375 0) (size 0.975 1.4) (layers F.Cu F.Paste F.Mask) (roundrect_rratio 0.25)
      (net 1 GND))
    (pad 1 smd roundrect (at -0.9375 0) (size 0.975 1.4) (layers F.Cu F.Paste F.Mask) (roundrect_rratio 0.25)
      (net 4 N$11))
    (model ${KISYS3DMOD}/Capacitor_SMD.3dshapes/C_0805_2012Metric.wrl
      (at (xyz 0 0 0))
      (scale (xyz 1 1 1))
      (rotate (xyz 0 0 0))
    )
  )

  (module Capacitor_SMD:C_0805_2012Metric (layer F.Cu) (tedit 5B36C52B) (tstamp 6055E73C)
    (at 55.455001 168.685001)
    (descr "Capacitor SMD 0805 (2012 Metric), square (rectangular) end terminal, IPC_7351 nominal, (Body size source: https://docs.google.com/spreadsheets/d/1BsfQQcO9C6DZCsRaXUlFlo91Tg2WpOkGARC1WS5S8t0/edit?usp=sharing), generated with kicad-footprint-generator")
    (tags capacitor)
    (path /top/keyboard0/3883576442131105093)
    (attr smd)
    (fp_text reference C6 (at 0 -1.65) (layer F.SilkS)
      (effects (font (size 1 1) (thickness 0.15)))
    )
    (fp_text value 100nF (at 0 1.65) (layer F.Fab)
      (effects (font (size 1 1) (thickness 0.15)))
    )
    (fp_line (start 1.68 0.95) (end -1.68 0.95) (layer F.CrtYd) (width 0.05))
    (fp_line (start 1.68 -0.95) (end 1.68 0.95) (layer F.CrtYd) (width 0.05))
    (fp_line (start -1.68 -0.95) (end 1.68 -0.95) (layer F.CrtYd) (width 0.05))
    (fp_line (start -1.68 0.95) (end -1.68 -0.95) (layer F.CrtYd) (width 0.05))
    (fp_line (start -0.258578 0.71) (end 0.258578 0.71) (layer F.SilkS) (width 0.12))
    (fp_line (start -0.258578 -0.71) (end 0.258578 -0.71) (layer F.SilkS) (width 0.12))
    (fp_line (start 1 0.6) (end -1 0.6) (layer F.Fab) (width 0.1))
    (fp_line (start 1 -0.6) (end 1 0.6) (layer F.Fab) (width 0.1))
    (fp_line (start -1 -0.6) (end 1 -0.6) (layer F.Fab) (width 0.1))
    (fp_line (start -1 0.6) (end -1 -0.6) (layer F.Fab) (width 0.1))
    (fp_text user %R (at 0 0) (layer F.Fab)
      (effects (font (size 0.5 0.5) (thickness 0.08)))
    )
    (pad 1 smd roundrect (at -0.9375 0) (size 0.975 1.4) (layers F.Cu F.Paste F.Mask) (roundrect_rratio 0.25)
      (net 5 N$12))
    (pad 2 smd roundrect (at 0.9375 0) (size 0.975 1.4) (layers F.Cu F.Paste F.Mask) (roundrect_rratio 0.25)
      (net 1 GND))
    (model ${KISYS3DMOD}/Capacitor_SMD.3dshapes/C_0805_2012Metric.wrl
      (at (xyz 0 0 0))
      (scale (xyz 1 1 1))
      (rotate (xyz 0 0 0))
    )
  )

  (module Capacitor_SMD:C_0805_2012Metric (layer F.Cu) (tedit 5B36C52B) (tstamp 6055E74D)
    (at 51.045001 167.735001)
    (descr "Capacitor SMD 0805 (2012 Metric), square (rectangular) end terminal, IPC_7351 nominal, (Body size source: https://docs.google.com/spreadsheets/d/1BsfQQcO9C6DZCsRaXUlFlo91Tg2WpOkGARC1WS5S8t0/edit?usp=sharing), generated with kicad-footprint-generator")
    (tags capacitor)
    (path /top/keyboard0/443524203095954981)
    (attr smd)
    (fp_text reference C7 (at 0 -1.65) (layer F.SilkS)
      (effects (font (size 1 1) (thickness 0.15)))
    )
    (fp_text value 22pF (at 0 1.65) (layer F.Fab)
      (effects (font (size 1 1) (thickness 0.15)))
    )
    (fp_text user %R (at 0 0) (layer F.Fab)
      (effects (font (size 0.5 0.5) (thickness 0.08)))
    )
    (fp_line (start -1 0.6) (end -1 -0.6) (layer F.Fab) (width 0.1))
    (fp_line (start -1 -0.6) (end 1 -0.6) (layer F.Fab) (width 0.1))
    (fp_line (start 1 -0.6) (end 1 0.6) (layer F.Fab) (width 0.1))
    (fp_line (start 1 0.6) (end -1 0.6) (layer F.Fab) (width 0.1))
    (fp_line (start -0.258578 -0.71) (end 0.258578 -0.71) (layer F.SilkS) (width 0.12))
    (fp_line (start -0.258578 0.71) (end 0.258578 0.71) (layer F.SilkS) (width 0.12))
    (fp_line (start -1.68 0.95) (end -1.68 -0.95) (layer F.CrtYd) (width 0.05))
    (fp_line (start -1.68 -0.95) (end 1.68 -0.95) (layer F.CrtYd) (width 0.05))
    (fp_line (start 1.68 -0.95) (end 1.68 0.95) (layer F.CrtYd) (width 0.05))
    (fp_line (start 1.68 0.95) (end -1.68 0.95) (layer F.CrtYd) (width 0.05))
    (pad 2 smd roundrect (at 0.9375 0) (size 0.975 1.4) (layers F.Cu F.Paste F.Mask) (roundrect_rratio 0.25)
      (net 1 GND))
    (pad 1 smd roundrect (at -0.9375 0) (size 0.975 1.4) (layers F.Cu F.Paste F.Mask) (roundrect_rratio 0.25)
      (net 6 N$13))
    (model ${KISYS3DMOD}/Capacitor_SMD.3dshapes/C_0805_2012Metric.wrl
      (at (xyz 0 0 0))
      (scale (xyz 1 1 1))
      (rotate (xyz 0 0 0))
    )
  )

  (module Capacitor_SMD:C_0805_2012Metric (layer F.Cu) (tedit 5B36C52B) (tstamp 6055E75E)
    (at 41.085001 169.435001)
    (descr "Capacitor SMD 0805 (2012 Metric), square (rectangular) end terminal, IPC_7351 nominal, (Body size source: https://docs.google.com/spreadsheets/d/1BsfQQcO9C6DZCsRaXUlFlo91Tg2WpOkGARC1WS5S8t0/edit?usp=sharing), generated with kicad-footprint-generator")
    (tags capacitor)
    (path /top/keyboard0/11358771100002660642)
    (attr smd)
    (fp_text reference C8 (at 0 -1.65) (layer F.SilkS)
      (effects (font (size 1 1) (thickness 0.15)))
    )
    (fp_text value 22pF (at 0 1.65) (layer F.Fab)
      (effects (font (size 1 1) (thickness 0.15)))
    )
    (fp_line (start 1.68 0.95) (end -1.68 0.95) (layer F.CrtYd) (width 0.05))
    (fp_line (start 1.68 -0.95) (end 1.68 0.95) (layer F.CrtYd) (width 0.05))
    (fp_line (start -1.68 -0.95) (end 1.68 -0.95) (layer F.CrtYd) (width 0.05))
    (fp_line (start -1.68 0.95) (end -1.68 -0.95) (layer F.CrtYd) (width 0.05))
    (fp_line (start -0.258578 0.71) (end 0.258578 0.71) (layer F.SilkS) (width 0.12))
    (fp_line (start -0.258578 -0.71) (end 0.258578 -0.71) (layer F.SilkS) (width 0.12))
    (fp_line (start 1 0.6) (end -1 0.6) (layer F.Fab) (width 0.1))
    (fp_line (start 1 -0.6) (end 1 0.6) (layer F.Fab) (width 0.1))
    (fp_line (start -1 -0.6) (end 1 -0.6) (layer F.Fab) (width 0.1))
    (fp_line (start -1 0.6) (end -1 -0.6) (layer F.Fab) (width 0.1))
    (fp_text user %R (at 0 0) (layer F.Fab)
      (effects (font (size 0.5 0.5) (thickness 0.08)))
    )
    (pad 1 smd roundrect (at -0.9375 0) (size 0.975 1.4) (layers F.Cu F.Paste F.Mask) (roundrect_rratio 0.25)
      (net 7 N$14))
    (pad 2 smd roundrect (at 0.9375 0) (size 0.975 1.4) (layers F.Cu F.Paste F.Mask) (roundrect_rratio 0.25)
      (net 1 GND))
    (model ${KISYS3DMOD}/Capacitor_SMD.3dshapes/C_0805_2012Metric.wrl
      (at (xyz 0 0 0))
      (scale (xyz 1 1 1))
      (rotate (xyz 0 0 0))
    )
  )

  (module LED_SMD:LED_0805_2012Metric (layer F.Cu) (tedit 5B36C52C) (tstamp 6055E771)
    (at 36.675001 169.480001)
    (descr "LED SMD 0805 (2012 Metric), square (rectangular) end terminal, IPC_7351 nominal, (Body size source: https://docs.google.com/spreadsheets/d/1BsfQQcO9C6DZCsRaXUlFlo91Tg2WpOkGARC1WS5S8t0/edit?usp=sharing), generated with kicad-footprint-generator")
    (tags diode)
    (path /top/keyboard0/18003762060808349174)
    (attr smd)
    (fp_text reference D1 (at 0 -1.65) (layer F.SilkS)
      (effects (font (size 1 1) (thickness 0.15)))
    )
    (fp_text value Yellow (at 0 1.65) (layer F.Fab)
      (effects (font (size 1 1) (thickness 0.15)))
    )
    (fp_line (start 1.68 0.95) (end -1.68 0.95) (layer F.CrtYd) (width 0.05))
    (fp_line (start 1.68 -0.95) (end 1.68 0.95) (layer F.CrtYd) (width 0.05))
    (fp_line (start -1.68 -0.95) (end 1.68 -0.95) (layer F.CrtYd) (width 0.05))
    (fp_line (start -1.68 0.95) (end -1.68 -0.95) (layer F.CrtYd) (width 0.05))
    (fp_line (start -1.685 0.96) (end 1 0.96) (layer F.SilkS) (width 0.12))
    (fp_line (start -1.685 -0.96) (end -1.685 0.96) (layer F.SilkS) (width 0.12))
    (fp_line (start 1 -0.96) (end -1.685 -0.96) (layer F.SilkS) (width 0.12))
    (fp_line (start 1 0.6) (end 1 -0.6) (layer F.Fab) (width 0.1))
    (fp_line (start -1 0.6) (end 1 0.6) (layer F.Fab) (width 0.1))
    (fp_line (start -1 -0.3) (end -1 0.6) (layer F.Fab) (width 0.1))
    (fp_line (start -0.7 -0.6) (end -1 -0.3) (layer F.Fab) (width 0.1))
    (fp_line (start 1 -0.6) (end -0.7 -0.6) (layer F.Fab) (width 0.1))
    (fp_text user %R (at 0 0) (layer F.Fab)
      (effects (font (size 0.5 0.5) (thickness 0.08)))
    )
    (pad 1 smd roundrect (at -0.9375 0) (size 0.975 1.4) (layers F.Cu F.Paste F.Mask) (roundrect_rratio 0.25)
      (net 8 N$5))
    (pad 2 smd roundrect (at 0.9375 0) (size 0.975 1.4) (layers F.Cu F.Paste F.Mask) (roundrect_rratio 0.25)
      (net 1 GND))
    (model ${KISYS3DMOD}/LED_SMD.3dshapes/LED_0805_2012Metric.wrl
      (at (xyz 0 0 0))
      (scale (xyz 1 1 1))
      (rotate (xyz 0 0 0))
    )
  )

  (module LED_SMD:LED_0805_2012Metric (layer F.Cu) (tedit 5B36C52C) (tstamp 6055E784)
    (at 53.925001 155.030001)
    (descr "LED SMD 0805 (2012 Metric), square (rectangular) end terminal, IPC_7351 nominal, (Body size source: https://docs.google.com/spreadsheets/d/1BsfQQcO9C6DZCsRaXUlFlo91Tg2WpOkGARC1WS5S8t0/edit?usp=sharing), generated with kicad-footprint-generator")
    (tags diode)
    (path /top/keyboard0/3608125093521686932)
    (attr smd)
    (fp_text reference D2 (at 0 -1.65) (layer F.SilkS)
      (effects (font (size 1 1) (thickness 0.15)))
    )
    (fp_text value Green (at 0 1.65) (layer F.Fab)
      (effects (font (size 1 1) (thickness 0.15)))
    )
    (fp_text user %R (at 0 0) (layer F.Fab)
      (effects (font (size 0.5 0.5) (thickness 0.08)))
    )
    (fp_line (start 1 -0.6) (end -0.7 -0.6) (layer F.Fab) (width 0.1))
    (fp_line (start -0.7 -0.6) (end -1 -0.3) (layer F.Fab) (width 0.1))
    (fp_line (start -1 -0.3) (end -1 0.6) (layer F.Fab) (width 0.1))
    (fp_line (start -1 0.6) (end 1 0.6) (layer F.Fab) (width 0.1))
    (fp_line (start 1 0.6) (end 1 -0.6) (layer F.Fab) (width 0.1))
    (fp_line (start 1 -0.96) (end -1.685 -0.96) (layer F.SilkS) (width 0.12))
    (fp_line (start -1.685 -0.96) (end -1.685 0.96) (layer F.SilkS) (width 0.12))
    (fp_line (start -1.685 0.96) (end 1 0.96) (layer F.SilkS) (width 0.12))
    (fp_line (start -1.68 0.95) (end -1.68 -0.95) (layer F.CrtYd) (width 0.05))
    (fp_line (start -1.68 -0.95) (end 1.68 -0.95) (layer F.CrtYd) (width 0.05))
    (fp_line (start 1.68 -0.95) (end 1.68 0.95) (layer F.CrtYd) (width 0.05))
    (fp_line (start 1.68 0.95) (end -1.68 0.95) (layer F.CrtYd) (width 0.05))
    (pad 2 smd roundrect (at 0.9375 0) (size 0.975 1.4) (layers F.Cu F.Paste F.Mask) (roundrect_rratio 0.25)
      (net 1 GND))
    (pad 1 smd roundrect (at -0.9375 0) (size 0.975 1.4) (layers F.Cu F.Paste F.Mask) (roundrect_rratio 0.25)
      (net 9 N$7))
    (model ${KISYS3DMOD}/LED_SMD.3dshapes/LED_0805_2012Metric.wrl
      (at (xyz 0 0 0))
      (scale (xyz 1 1 1))
      (rotate (xyz 0 0 0))
    )
  )

  (module LED_SMD:LED_0805_2012Metric (layer F.Cu) (tedit 5B36C52C) (tstamp 6055E797)
    (at 32.225001 169.480001)
    (descr "LED SMD 0805 (2012 Metric), square (rectangular) end terminal, IPC_7351 nominal, (Body size source: https://docs.google.com/spreadsheets/d/1BsfQQcO9C6DZCsRaXUlFlo91Tg2WpOkGARC1WS5S8t0/edit?usp=sharing), generated with kicad-footprint-generator")
    (tags diode)
    (path /top/keyboard0/16364169860977093998)
    (attr smd)
    (fp_text reference D3 (at 0 -1.65) (layer F.SilkS)
      (effects (font (size 1 1) (thickness 0.15)))
    )
    (fp_text value Red (at 0 1.65) (layer F.Fab)
      (effects (font (size 1 1) (thickness 0.15)))
    )
    (fp_line (start 1.68 0.95) (end -1.68 0.95) (layer F.CrtYd) (width 0.05))
    (fp_line (start 1.68 -0.95) (end 1.68 0.95) (layer F.CrtYd) (width 0.05))
    (fp_line (start -1.68 -0.95) (end 1.68 -0.95) (layer F.CrtYd) (width 0.05))
    (fp_line (start -1.68 0.95) (end -1.68 -0.95) (layer F.CrtYd) (width 0.05))
    (fp_line (start -1.685 0.96) (end 1 0.96) (layer F.SilkS) (width 0.12))
    (fp_line (start -1.685 -0.96) (end -1.685 0.96) (layer F.SilkS) (width 0.12))
    (fp_line (start 1 -0.96) (end -1.685 -0.96) (layer F.SilkS) (width 0.12))
    (fp_line (start 1 0.6) (end 1 -0.6) (layer F.Fab) (width 0.1))
    (fp_line (start -1 0.6) (end 1 0.6) (layer F.Fab) (width 0.1))
    (fp_line (start -1 -0.3) (end -1 0.6) (layer F.Fab) (width 0.1))
    (fp_line (start -0.7 -0.6) (end -1 -0.3) (layer F.Fab) (width 0.1))
    (fp_line (start 1 -0.6) (end -0.7 -0.6) (layer F.Fab) (width 0.1))
    (fp_text user %R (at 0 0) (layer F.Fab)
      (effects (font (size 0.5 0.5) (thickness 0.08)))
    )
    (pad 1 smd roundrect (at -0.9375 0) (size 0.975 1.4) (layers F.Cu F.Paste F.Mask) (roundrect_rratio 0.25)
      (net 10 N$3))
    (pad 2 smd roundrect (at 0.9375 0) (size 0.975 1.4) (layers F.Cu F.Paste F.Mask) (roundrect_rratio 0.25)
      (net 1 GND))
    (model ${KISYS3DMOD}/LED_SMD.3dshapes/LED_0805_2012Metric.wrl
      (at (xyz 0 0 0))
      (scale (xyz 1 1 1))
      (rotate (xyz 0 0 0))
    )
  )

  (module kbd:D3_SMD_v2 (layer F.Cu) (tedit 5F70BC50) (tstamp 6055E7A5)
    (at 111.855001 149.185001)
    (descr "Resitance 3 pas")
    (tags R)
    (path /top/keyboard0/key_matrx0/11121931674402574810)
    (autoplace_cost180 10)
    (fp_text reference D4 (at 0.5 0) (layer F.Fab) hide
      (effects (font (size 0.5 0.5) (thickness 0.125)))
    )
    (fp_text value D (at -0.6 0) (layer F.Fab) hide
      (effects (font (size 0.5 0.5) (thickness 0.125)))
    )
    (fp_line (start -2.7 0.75) (end 2.7 0.75) (layer F.SilkS) (width 0.15))
    (fp_line (start 2.7 -0.75) (end -2.7 -0.75) (layer F.SilkS) (width 0.15))
    (fp_line (start -2.7 -0.75) (end -2.7 0.75) (layer F.SilkS) (width 0.15))
    (fp_line (start 2.7 -0.75) (end 2.7 0.75) (layer F.SilkS) (width 0.15))
    (fp_line (start 0.5 -0.5) (end 0.5 0.5) (layer F.SilkS) (width 0.15))
    (fp_line (start 0.5 0.5) (end -0.4 0) (layer F.SilkS) (width 0.15))
    (fp_line (start -0.4 0) (end 0.5 -0.5) (layer F.SilkS) (width 0.15))
    (fp_line (start -0.5 -0.5) (end -0.5 0.5) (layer F.SilkS) (width 0.15))
    (pad 1 smd rect (at -1.775 0) (size 1.4 1) (layers F.Cu F.Paste F.Mask)
      (net 11 N$16))
    (pad 2 smd rect (at 1.775 0) (size 1.4 1) (layers F.Cu F.Paste F.Mask)
      (net 12 N$17))
    (model ${KIGITHUB3D}/Diode_SMD.3dshapes/D_SOD-123.step
      (at (xyz 0 0 0))
      (scale (xyz 1 1 1))
      (rotate (xyz 0 0 0))
    )
  )

  (module kbd:D3_SMD_v2 (layer F.Cu) (tedit 5F70BC50) (tstamp 6055E7B3)
    (at 85.655001 149.185001)
    (descr "Resitance 3 pas")
    (tags R)
    (path /top/keyboard0/key_matrx0/8975100163924588097)
    (autoplace_cost180 10)
    (fp_text reference D5 (at 0.5 0) (layer F.Fab) hide
      (effects (font (size 0.5 0.5) (thickness 0.125)))
    )
    (fp_text value D (at -0.6 0) (layer F.Fab) hide
      (effects (font (size 0.5 0.5) (thickness 0.125)))
    )
    (fp_line (start -2.7 0.75) (end 2.7 0.75) (layer F.SilkS) (width 0.15))
    (fp_line (start 2.7 -0.75) (end -2.7 -0.75) (layer F.SilkS) (width 0.15))
    (fp_line (start -2.7 -0.75) (end -2.7 0.75) (layer F.SilkS) (width 0.15))
    (fp_line (start 2.7 -0.75) (end 2.7 0.75) (layer F.SilkS) (width 0.15))
    (fp_line (start 0.5 -0.5) (end 0.5 0.5) (layer F.SilkS) (width 0.15))
    (fp_line (start 0.5 0.5) (end -0.4 0) (layer F.SilkS) (width 0.15))
    (fp_line (start -0.4 0) (end 0.5 -0.5) (layer F.SilkS) (width 0.15))
    (fp_line (start -0.5 -0.5) (end -0.5 0.5) (layer F.SilkS) (width 0.15))
    (pad 1 smd rect (at -1.775 0) (size 1.4 1) (layers F.Cu F.Paste F.Mask)
      (net 13 N$20))
    (pad 2 smd rect (at 1.775 0) (size 1.4 1) (layers F.Cu F.Paste F.Mask)
      (net 12 N$17))
    (model ${KIGITHUB3D}/Diode_SMD.3dshapes/D_SOD-123.step
      (at (xyz 0 0 0))
      (scale (xyz 1 1 1))
      (rotate (xyz 0 0 0))
    )
  )

  (module kbd:D3_SMD_v2 (layer F.Cu) (tedit 5F70BC50) (tstamp 6055E7C1)
    (at 66.005001 149.185001)
    (descr "Resitance 3 pas")
    (tags R)
    (path /top/keyboard0/key_matrx0/14346307850552299093)
    (autoplace_cost180 10)
    (fp_text reference D6 (at 0.5 0) (layer F.Fab) hide
      (effects (font (size 0.5 0.5) (thickness 0.125)))
    )
    (fp_text value D (at -0.6 0) (layer F.Fab) hide
      (effects (font (size 0.5 0.5) (thickness 0.125)))
    )
    (fp_line (start -2.7 0.75) (end 2.7 0.75) (layer F.SilkS) (width 0.15))
    (fp_line (start 2.7 -0.75) (end -2.7 -0.75) (layer F.SilkS) (width 0.15))
    (fp_line (start -2.7 -0.75) (end -2.7 0.75) (layer F.SilkS) (width 0.15))
    (fp_line (start 2.7 -0.75) (end 2.7 0.75) (layer F.SilkS) (width 0.15))
    (fp_line (start 0.5 -0.5) (end 0.5 0.5) (layer F.SilkS) (width 0.15))
    (fp_line (start 0.5 0.5) (end -0.4 0) (layer F.SilkS) (width 0.15))
    (fp_line (start -0.4 0) (end 0.5 -0.5) (layer F.SilkS) (width 0.15))
    (fp_line (start -0.5 -0.5) (end -0.5 0.5) (layer F.SilkS) (width 0.15))
    (pad 1 smd rect (at -1.775 0) (size 1.4 1) (layers F.Cu F.Paste F.Mask)
      (net 14 N$23))
    (pad 2 smd rect (at 1.775 0) (size 1.4 1) (layers F.Cu F.Paste F.Mask)
      (net 12 N$17))
    (model ${KIGITHUB3D}/Diode_SMD.3dshapes/D_SOD-123.step
      (at (xyz 0 0 0))
      (scale (xyz 1 1 1))
      (rotate (xyz 0 0 0))
    )
  )

  (module kbd:D3_SMD_v2 (layer F.Cu) (tedit 5F70BC50) (tstamp 6055E7CF)
    (at 79.105001 149.185001)
    (descr "Resitance 3 pas")
    (tags R)
    (path /top/keyboard0/key_matrx0/7594025849339740639)
    (autoplace_cost180 10)
    (fp_text reference D7 (at 0.5 0) (layer F.Fab) hide
      (effects (font (size 0.5 0.5) (thickness 0.125)))
    )
    (fp_text value D (at -0.6 0) (layer F.Fab) hide
      (effects (font (size 0.5 0.5) (thickness 0.125)))
    )
    (fp_line (start -0.5 -0.5) (end -0.5 0.5) (layer F.SilkS) (width 0.15))
    (fp_line (start -0.4 0) (end 0.5 -0.5) (layer F.SilkS) (width 0.15))
    (fp_line (start 0.5 0.5) (end -0.4 0) (layer F.SilkS) (width 0.15))
    (fp_line (start 0.5 -0.5) (end 0.5 0.5) (layer F.SilkS) (width 0.15))
    (fp_line (start 2.7 -0.75) (end 2.7 0.75) (layer F.SilkS) (width 0.15))
    (fp_line (start -2.7 -0.75) (end -2.7 0.75) (layer F.SilkS) (width 0.15))
    (fp_line (start 2.7 -0.75) (end -2.7 -0.75) (layer F.SilkS) (width 0.15))
    (fp_line (start -2.7 0.75) (end 2.7 0.75) (layer F.SilkS) (width 0.15))
    (pad 2 smd rect (at 1.775 0) (size 1.4 1) (layers F.Cu F.Paste F.Mask)
      (net 12 N$17))
    (pad 1 smd rect (at -1.775 0) (size 1.4 1) (layers F.Cu F.Paste F.Mask)
      (net 15 N$26))
    (model ${KIGITHUB3D}/Diode_SMD.3dshapes/D_SOD-123.step
      (at (xyz 0 0 0))
      (scale (xyz 1 1 1))
      (rotate (xyz 0 0 0))
    )
  )

  (module kbd:D3_SMD_v2 (layer F.Cu) (tedit 5F70BC50) (tstamp 6055E7DD)
    (at 46.355001 149.185001)
    (descr "Resitance 3 pas")
    (tags R)
    (path /top/keyboard0/key_matrx0/2376169967618171217)
    (autoplace_cost180 10)
    (fp_text reference D8 (at 0.5 0) (layer F.Fab) hide
      (effects (font (size 0.5 0.5) (thickness 0.125)))
    )
    (fp_text value D (at -0.6 0) (layer F.Fab) hide
      (effects (font (size 0.5 0.5) (thickness 0.125)))
    )
    (fp_line (start -2.7 0.75) (end 2.7 0.75) (layer F.SilkS) (width 0.15))
    (fp_line (start 2.7 -0.75) (end -2.7 -0.75) (layer F.SilkS) (width 0.15))
    (fp_line (start -2.7 -0.75) (end -2.7 0.75) (layer F.SilkS) (width 0.15))
    (fp_line (start 2.7 -0.75) (end 2.7 0.75) (layer F.SilkS) (width 0.15))
    (fp_line (start 0.5 -0.5) (end 0.5 0.5) (layer F.SilkS) (width 0.15))
    (fp_line (start 0.5 0.5) (end -0.4 0) (layer F.SilkS) (width 0.15))
    (fp_line (start -0.4 0) (end 0.5 -0.5) (layer F.SilkS) (width 0.15))
    (fp_line (start -0.5 -0.5) (end -0.5 0.5) (layer F.SilkS) (width 0.15))
    (pad 1 smd rect (at -1.775 0) (size 1.4 1) (layers F.Cu F.Paste F.Mask)
      (net 16 N$29))
    (pad 2 smd rect (at 1.775 0) (size 1.4 1) (layers F.Cu F.Paste F.Mask)
      (net 12 N$17))
    (model ${KIGITHUB3D}/Diode_SMD.3dshapes/D_SOD-123.step
      (at (xyz 0 0 0))
      (scale (xyz 1 1 1))
      (rotate (xyz 0 0 0))
    )
  )

  (module kbd:D3_SMD_v2 (layer F.Cu) (tedit 5F70BC50) (tstamp 6055E7EB)
    (at 235.255001 81.155001)
    (descr "Resitance 3 pas")
    (tags R)
    (path /top/keyboard0/key_matrx0/4213848453838345799)
    (autoplace_cost180 10)
    (fp_text reference D9 (at 0.5 0) (layer F.Fab) hide
      (effects (font (size 0.5 0.5) (thickness 0.125)))
    )
    (fp_text value D (at -0.6 0) (layer F.Fab) hide
      (effects (font (size 0.5 0.5) (thickness 0.125)))
    )
    (fp_line (start -0.5 -0.5) (end -0.5 0.5) (layer F.SilkS) (width 0.15))
    (fp_line (start -0.4 0) (end 0.5 -0.5) (layer F.SilkS) (width 0.15))
    (fp_line (start 0.5 0.5) (end -0.4 0) (layer F.SilkS) (width 0.15))
    (fp_line (start 0.5 -0.5) (end 0.5 0.5) (layer F.SilkS) (width 0.15))
    (fp_line (start 2.7 -0.75) (end 2.7 0.75) (layer F.SilkS) (width 0.15))
    (fp_line (start -2.7 -0.75) (end -2.7 0.75) (layer F.SilkS) (width 0.15))
    (fp_line (start 2.7 -0.75) (end -2.7 -0.75) (layer F.SilkS) (width 0.15))
    (fp_line (start -2.7 0.75) (end 2.7 0.75) (layer F.SilkS) (width 0.15))
    (pad 2 smd rect (at 1.775 0) (size 1.4 1) (layers F.Cu F.Paste F.Mask)
      (net 12 N$17))
    (pad 1 smd rect (at -1.775 0) (size 1.4 1) (layers F.Cu F.Paste F.Mask)
      (net 17 N$32))
    (model ${KIGITHUB3D}/Diode_SMD.3dshapes/D_SOD-123.step
      (at (xyz 0 0 0))
      (scale (xyz 1 1 1))
      (rotate (xyz 0 0 0))
    )
  )

  (module kbd:D3_SMD_v2 (layer F.Cu) (tedit 5F70BC50) (tstamp 6055E7F9)
    (at 52.905001 149.185001)
    (descr "Resitance 3 pas")
    (tags R)
    (path /top/keyboard0/key_matrx0/12020995214241010416)
    (autoplace_cost180 10)
    (fp_text reference D10 (at 0.5 0) (layer F.Fab) hide
      (effects (font (size 0.5 0.5) (thickness 0.125)))
    )
    (fp_text value D (at -0.6 0) (layer F.Fab) hide
      (effects (font (size 0.5 0.5) (thickness 0.125)))
    )
    (fp_line (start -0.5 -0.5) (end -0.5 0.5) (layer F.SilkS) (width 0.15))
    (fp_line (start -0.4 0) (end 0.5 -0.5) (layer F.SilkS) (width 0.15))
    (fp_line (start 0.5 0.5) (end -0.4 0) (layer F.SilkS) (width 0.15))
    (fp_line (start 0.5 -0.5) (end 0.5 0.5) (layer F.SilkS) (width 0.15))
    (fp_line (start 2.7 -0.75) (end 2.7 0.75) (layer F.SilkS) (width 0.15))
    (fp_line (start -2.7 -0.75) (end -2.7 0.75) (layer F.SilkS) (width 0.15))
    (fp_line (start 2.7 -0.75) (end -2.7 -0.75) (layer F.SilkS) (width 0.15))
    (fp_line (start -2.7 0.75) (end 2.7 0.75) (layer F.SilkS) (width 0.15))
    (pad 2 smd rect (at 1.775 0) (size 1.4 1) (layers F.Cu F.Paste F.Mask)
      (net 12 N$17))
    (pad 1 smd rect (at -1.775 0) (size 1.4 1) (layers F.Cu F.Paste F.Mask)
      (net 18 N$35))
    (model ${KIGITHUB3D}/Diode_SMD.3dshapes/D_SOD-123.step
      (at (xyz 0 0 0))
      (scale (xyz 1 1 1))
      (rotate (xyz 0 0 0))
    )
  )

  (module kbd:D3_SMD_v2 (layer F.Cu) (tedit 5F70BC50) (tstamp 6055E807)
    (at 167.055001 144.845001)
    (descr "Resitance 3 pas")
    (tags R)
    (path /top/keyboard0/key_matrx0/16264209626782701947)
    (autoplace_cost180 10)
    (fp_text reference D11 (at 0.5 0) (layer F.Fab) hide
      (effects (font (size 0.5 0.5) (thickness 0.125)))
    )
